0 0.9792817040499522 0.18410489363184707 0.0316136266709087 0.0314318071815924
0 0.7727953467138614 0.1625924662333375 0.030051126670908878 0.0314227168225127
0 0.8201970580442254 0.14099472218526587 0.026926126670908702 0.031404536104353474
0 0.567826036043907 0.13718287919390765 0.03633748933799978 0.03458407825883123
0 0.8541907973822249 0.17556516490547763 0.028506808004454244 0.032976126463433175
0 0.9431714813812706 0.16905206537301593 0.026944308004454243 0.032967036104353475
0 0.9101680773790435 0.1524549178323439 0.026926126670908702 0.031404536104353474
0 0.7225049927195885 0.20448452956324994 0.03524770401018138 0.07519998789975162
0 0.8941890887173614 0.18907821906200795 0.03012385200509087 0.0376727168225127
0 0.5065254567154522 0.17276131001026274 0.04742044000636323 0.04714771077238851
0 0.5888566987189521 0.19901980386194262 0.041134077339272504 0.04398634933607006
0 0.6508839840467706 0.15875841822512732 0.03317612667090888 0.03144089754067192
0 0.6877572753819068 0.1722532916634984 0.03317612667090888 0.03144089754067192
0 0.7246123853834977 0.1841856651018694 0.03317612667090888 0.03144089754067201
0 0.7437981900461342 0.15461179459036462 0.02845226400381797 0.028288626463433088
0 0.8106226107176795 0.19093563485124837 0.03163180800445424 0.032994307181592394
