0 0.11936203659533282 0.10948825258595826 0.07999657220870696 0.05405224801081765
0 0.23433759680198724 0.08549567457036807 0.03606476502711473 0.022293170671545237
0 0.16939839803165127 0.10265644991250404 0.04388635538619425 0.023946577339272503
0 0.37802396428843005 0.09476049188418716 0.037636355386194253 0.02387385200509069
0 0.4282194070086417 0.060584939210732894 0.03450226502711473 0.022274989337999783
0 0.3906285034178456 0.07664629121582359 0.03448408430895533 0.019149989337999784
0 0.18669043716106692 0.08448770524350416 0.02822499394987581 0.017514764003817972
1 0.23971089803165135 0.10183828990295903 0.01726022287263689 0.012699994668999893
1 0.3859375 0.76484375 0.128125 0.2265625
1 0.9265625 0.91796875 0.146875 0.1640625
1 0.66796875 0.91640625 0.1296875 0.1671875