0 0.37259924618937096 0.45859375 0.17559087334017515 0.1015625
0 0.3675430657657993 0.2609375 0.1381363251355733 0.109375
0 0.594064659149941 0.25390625 0.07211134933607007 0.040625
0 0.9440197282353902 0.88515625 0.03478406615858276 0.0703125
0 0.9240344811622563 0.94140625 0.047129530054229464 0.04375
0 0.8902861950579029 0.91484375 0.025263620413308985 0.0453125
0 0.8093220204880638 0.8296875 0.12236587939029926 0.084375
0 0.7708594841873184 0.9328125 0.08633747579950324 0.06875
0 0.73828125 0.98046875 0.0515625 0.0390625
0 0.6796875 0.9578125 0.08125 0.084375
