0 0.33212319535249046 0.267435401351301 0.0896897347764936 0.10833065046753818
0 0.67109375 0.3171875 0.1578125 0.21875
0 0.46913738202257804 0.31742124493183443 0.09277837334017516 0.10209883118569749
0 0.05390625 0.0875 0.1078125 0.1625
0 0.575465691836449 0.8813559590238726 0.03300339754067192 0.033003397540672094
0 0.2907952551663614 0.8322291543763631 0.048710210772388504 0.04715680113146803
0 0.2516463967551051 0.8176126633533535 0.03460225897699054 0.03926248789975162
0 0.218620273316734 0.7810848108940255 0.048728391490547904 0.050281801131468205
0 0.10852765583029136 0.7926631812091386 0.03145907825883123 0.0361193071815924
0 0.0950146016737611 0.7528966992613153 0.03459316861791084 0.03769998789975162
0 0.03601685157556522 0.8180858829063407 0.034547716822512696 0.029887487899751618
1 0.5678304538385015 0.9118701608192709 0.023555674668035032 0.020448855386194252
0 0.7875 0.73671875 0.075 0.0578125
0 0.9056566650036736 0.7913587146812134 0.0849931444174139 0.10674087939029935
