0 0.43671875 0.1578125 0.0359375 0.046875
0 0.4778148860295987 0.1890625 0.05342498184962743 0.0515625
0 0.5536188619272978 0.18515625 0.04557612041330881 0.0453125
0 0.6069347594679698 0.15234375 0.03773634933607006 0.040625
0 0.6362722806434045 0.2125 0.04557612041330898 0.0453125
0 0.6722597776183423 0.20390625 0.039317030054229284 0.04375
0 0.7083381781840765 0.1796875 0.03615566861791084 0.0375
0 0.7103501300776704 0.23671875 0.04400453005422946 0.04375
0 0.782543292645457 0.18203125 0.03928066861791084 0.0375
0 0.7766927475641131 0.24765625 0.042451120413308986 0.0453125
0 0.821251268641352 0.24296875 0.040870439695149585 0.0421875
0 0.8650876270526083 0.228125 0.039298849336070064 0.040625
0 0.8749984373574586 0.2703125 0.04558521077238851 0.046875
0 0.9321251361277947 0.25390625 0.04399543969514959 0.0421875
0 0.9711194584346975 0.265625 0.05029998184962743 0.0515625
0 0.24369896126336785 0.44609375 0.06613406010845857 0.0875
0 0.12951828659533282 0.46640625 0.02996021077238851 0.046875
0 0.5818216508603217 0.5625 0.11500789734428025 0.1625
