0 0.0859375 0.4296875 0.0171875 0.028125
0 0.97109375 0.5640625 0.03125 0.034375
0 0.953125 0.55546875 0.025 0.0296875
0 0.90078125 0.5625 0.0453125 0.0453125
0 0.83125 0.57734375 0.0171875 0.025
0 0.81015625 0.56796875 0.0328125 0.0375
0 0.80078125 0.54765625 0.01875 0.0140625
0 0.77578125 0.52734375 0.0234375 0.025
0 0.7421875 0.54296875 0.0421875 0.04375
0 0.71484375 0.55625 0.015625 0.0203125
0 0.65234375 0.53515625 0.0328125 0.0328125
0 0.59296875 0.52109375 0.015625 0.0171875
0 0.5828125 0.52734375 0.034375 0.0265625
0 0.434375 0.50546875 0.03125 0.1015625
