0 0.428125 0.64140625 0.021875 0.0515625
0 0.379920573281366 0.6717262652769117 0.020621582670272608 0.026798857336090796
0 0.3588813672820024 0.6672842132797752 0.03797271467218159 0.04106135200509069
0 0.34500977128422955 0.6510415952816843 0.020512494668999893 0.0174238573360908
0 0.3170574939529113 0.6365251092855022 0.026889764003817974 0.028434082670272608
0 0.287896705283275 0.658736463956093 0.04743862133990877 0.048982940006363405
0 0.26500409794718427 0.6793125932925019 0.01900453866963625 0.022093176002545435
0 0.20102341394813875 0.6730267779678651 0.036355670671545236 0.036355670671545146
0 0.14087625461491146 0.6729455093093647 0.0174238573360908 0.020512494668999893
0 0.13218250728041153 0.6816392566438647 0.03786362667090888 0.03168635200509069
