0 0.561577463916322 0.77109375 0.017387494668999894 0.0171875
0 0.047388241923958054 0.71484375 0.03960794000636332 0.046875
0 0.01875 0.728125 0.0375 0.05
0 0.98203125 0.5359375 0.0359375 0.034375
0 0.9221171639481387 0.55234375 0.019040901336727246 0.025
0 0.901114320615866 0.54453125 0.03481135200509087 0.0375
0 0.8903859059516386 0.5265625 0.020494313335454352 0.015625
0 0.83203125 0.534375 0.0421875 0.03125
0 0.807364320615866 0.54453125 0.017423857336090885 0.0203125
0 0.74453125 0.53203125 0.0328125 0.0265625
0 0.6859375 0.525 0.015625 0.0125
0 0.675 0.53046875 0.034375 0.0234375
