0 0.590625 0.228125 0.04375 0.046875
0 0.6597868167170431 0.2414015380728603 0.01904090133672707 0.025218176002545344
0 0.6792180693825431 0.23303505474217837 0.03481135200509069 0.03789998933799978
0 0.6875754620464525 0.2128225520766783 0.020494313335454352 0.015861357336090797
0 0.7115396733768161 0.1912293627466327 0.025290901336727244 0.025290901336727067
0 0.7468595553787252 0.20570094275140516 0.044277258672817864 0.0458215773392725
0 0.7735765967138615 0.21929127542167776 0.0174238573360908 0.020512494668999893
0 0.8342504673774526 0.19734409742995013 0.03319430800445424 0.03319430800445433
0 0.8926442227084527 0.18083839743790428 0.015843176002545433 0.01893181333545444
0 0.9020919480426345 0.18719748543917697 0.03626476400381797 0.028543170671545236
