0 0.571875 0.55078125 0.04375 0.0484375
0 0.6410441982793567 0.5641785911446465 0.018904536104353654 0.02667158430895533
0 0.6620788609453392 0.5538996212970717 0.03616475897699054 0.03927157825883114
0 0.6713356862773041 0.533532579142594 0.020403403590796287 0.015743174668035032
0 0.6953125 0.51171875 0.025 0.0234375
0 0.732227734481906 0.5253655551384889 0.04558521077238851 0.04713862041330881
0 0.7612112525340828 0.538478633495516 0.01731476502711473 0.021974993949875808
0 0.8234375 0.51484375 0.034375 0.0296875
0 0.884375 0.503125 0.015625 0.00625
0 0.8953125 0.50859375 0.0375 0.0171875
