0 0.9101592325369985 0.32375764855191436 0.028306807181592574 0.031577264003817974
0 0.8336285487937772 0.31917978389564117 0.023573855386194255 0.023710220003181702
0 0.7719916120254936 0.30583544657068623 0.01259999394987581 0.017332950668363534
0 0.790805244539051 0.2946797705681409 0.028306807181592487 0.031577264003817974
0 0.7820615036142373 0.32056101790264085 0.047120439695149584 0.04273294000636332
0 0.6970416090004316 0.2981144005808676 0.025154536104353475 0.02685340133672707
0 0.6446978590004315 0.29872347525464 0.050263620413308986 0.04589430267345422
0 0.5978137686413519 0.3008314152610033 0.01886817466803503 0.020530676002545344
0 0.5860995638208918 0.30018652526259415 0.01886817466803503 0.020530676002545344
0 0.5556944463344491 0.28960356126673037 0.034565897540672096 0.033212489337999786
0 0.5641518409482548 0.31294106393223037 0.00791249394987581 0.017278406667727175
0 0.33479912159165937 0.8355502185710044 0.09745678298109546 0.10112724267981754
0 0.3976990973911624 0.7660729652291867 0.07855224687674216 0.0743465666772721
0 0.22835874493183442 0.7352331399188674 0.04400453005422929 0.0442590773392725
0 0.11480023897990606 0.7842075366009121 0.0551511083130606 0.0803238466740905
0 0.049302504007020784 0.7630961526098208 0.07865224082661779 0.0915340666772722
