0 0.9616305800445435 0.06466795743154093 0.022111357336090976 0.020567038669636162
0 0.897513536043907 0.059235022756177716 0.01111931333545435 0.015752269334818082
0 0.9145283133752253 0.044591267425177605 0.025345445337363513 0.029978401336727068
0 0.910177168045816 0.07344297342454124 0.04418635200509051 0.0380090773392725
0 0.820206148710998 0.0614600467456782 0.023728401336727246 0.025272720003181703
0 0.7679623960454979 0.06944472207190575 0.04580339600572696 0.04271475867281786
0 0.7219777340467706 0.07828337273231516 0.015843176002545433 0.01893181333545444
0 0.708714665380316 0.0796913313971789 0.017405676002545434 0.01894999466899989
0 0.6758112587125888 0.07149702339272457 0.03159544533736351 0.030051126670908878
0 0.632542516709089 0.04521578672022484 0.023710220003181702 0.023710220003181702
0 0.590625 0.01953125 0.0375 0.0390625
0 0.6032186433799979 0.07612034138286136 0.06646134134309048 0.07263861600890867
0 0.5402373853834976 0.10116524737427084 0.020585220003181703 0.023673857336090797
0 0.5182442067154522 0.09075445870463464 0.012609088001272717 0.009520450668363623
0 0.5018197753819068 0.08900105470240742 0.025290901336727067 0.025290901336727067
0 0.4586328493793615 0.06975106802990769 0.030014764003817973 0.028470445337363516
0 0.3978862533815887 0.0854482460216354 0.023728401336727066 0.025272720003181703
0 0.3534640913828614 0.09430507801559021 0.020585220003181703 0.023673857336090797
0 0.30859375 0.08828125 0.0171875 0.0296875
0 0.6885839787157705 0.0950799740610881 0.0064499946689998925 0.01726022533418181
1 0.3950430640515431 0.10963063335454448 0.008048857336090797 0.020403406667727175
