0 0.5666709121750031 0.7545980163036609 0.026744307181592576 0.031404536104353474
0 0.48624306879086154 0.7620974197962612 0.02200226502711473 0.02200226502711473
0 0.4213811380727022 0.7593496696980654 0.011028403590796109 0.015688632513557364
0 0.43770102966144575 0.7444104709277293 0.02674430718159222 0.031404536104353474
0 0.43473965612487897 0.7725536516458886 0.045539758976990544 0.03932612041330898
0 0.3425067043294808 0.765277482831586 0.025145445745273776 0.025145445745273953
0 0.2902129513044188 0.7741757598607533 0.047129530054229284 0.04402271077238851
0 0.24262033381797607 0.7853905158126816 0.015734084308955332 0.01884090359079611
0 0.22934817417705577 0.7870302838648583 0.01729658430895533 0.01884999394987581
0 0.19649476756119738 0.7801899314055303 0.03299430718159222 0.03144089754067192
0 0.15181352663638367 0.7546677566392994 0.025145445745273776 0.025145445745273953
0 0.10948058089110986 0.7299131963344491 0.039307939695149674 0.04241475897699036
0 0.12231237899751593 0.7868717234618121 0.06918633723582168 0.07539997579950315
0 0.05841350546094901 0.8153694281840764 0.020448855386194252 0.02355567466803521
0 0.035693622947391736 0.8045637383907309 0.012554542154477665 0.009447722872636889
0 0.019282827767851885 0.8038779371610669 0.026717036104353477 0.026717036104353387
0 0.20991237294739165 0.8035501633533535 0.00634999394987581 0.017223861436318443
