0 0.475 0.54140625 0.0203125 0.0203125
0 0.41171875 0.53828125 0.0109375 0.015625
0 0.4265625 0.5234375 0.025 0.028125
0 0.42421875 0.55078125 0.04375 0.0375
0 0.3359375 0.5421875 0.0234375 0.0234375
0 0.28359375 0.55078125 0.0453125 0.040625
0 0.2390625 0.56171875 0.015625 0.01875
0 0.22578125 0.5625 0.0171875 0.01875
0 0.19453125 0.55625 0.03125 0.0296875
0 0.1515625 0.53125 0.0234375 0.0234375
0 0.11015625 0.51875 0.0390625 0.01875
0 0.12265625 0.5625 0.065625 0.071875
0 0.06015625 0.5890625 0.01875 0.0234375
0 0.03828125 0.57890625 0.0109375 0.009375
0 0.021875 0.578125 0.025 0.025
0 0.20703125 0.57890625 0.00625 0.0171875
