1 0.73515625 0.1609375 0.2515625 0.321875
0 0.615625 0.64609375 0.0125 0.0203125
0 0.6267700156162899 0.6455535692632305 0.01886817466803503 0.020530676002545434
0 0.6588603529503073 0.6350246019255488 0.03456589754067192 0.033212489337999786
0 0.7012342053114395 0.6025024559198219 0.026707945745273777 0.02530908267027261
0 0.7412552173134921 0.571570081914413 0.042451120413308986 0.04580339600572696
0 0.7346643288480064 0.6302365572485948 0.0739011083130606 0.08054202267663584
0 0.8032916090004315 0.6505303285725953 0.022029536104353563 0.02681703866963616
0 0.8252438770526084 0.6369945399029591 0.012563632513557365 0.011082950668363623
0 0.8408870577707676 0.6336877265675046 0.02827953610435365 0.026889764003817974
0 0.8832109131569619 0.6097593305617776 0.03299430718159222 0.03163180800445442
0 0.9480001210024842 0.6183798052196415 0.0251545361043533 0.02685340133672707
0 0.99140625 0.62109375 0.0171875 0.0265625
0 0.6493444523845733 0.6593524399268216 0.00791249394987581 0.017278406667727175
1 0.9533279704367501 0.6425349205522325 0.009502265027114732 0.021984088001272717
