0 0.9205498910977642 0.7589452161043588 0.03458407825883114 0.03633748933799978
0 0.8455771621750031 0.7627600120941775 0.04402271077238851 0.0473840773392725
0 0.8126828489432866 0.7483157040897231 0.03460225897699054 0.039462489337999784
0 0.7088675025340828 0.762731645408951 0.03302157825883114 0.03631930800445442
0 0.6900856862773042 0.7570447194064057 0.02674430718159222 0.03155908267027261
0 0.6378282946885605 0.7712793947326333 0.04872839149054773 0.05056362133990877
0 0.5707771500747547 0.7939350973901792 0.020467036104353475 0.026798857336090887
0 0.5480845386384363 0.7874214680537703 0.03617384933607006 0.04104317067154532
0 0.5362567043294809 0.7685351080521794 0.02040340359079611 0.015861357336090797
0 0.5072504603796051 0.7510112533815887 0.025154536104353475 0.02685340133672707
0 0.47533283986810027 0.7701697860439071 0.04558521077238851 0.04740225867281787
0 0.45044646935659555 0.78941013470718 0.01887726502711473 0.022093176002545168
