0 0.20546875 0.5042663609453392 0.034375 0.036137487899751616
0 0.121875 0.4873737767345796 0.0375 0.03928066861791084
0 0.03515625 0.46811926180566077 0.0390625 0.03772725897699036
0 0.25078125 0.5365612313586481 0.0375 0.037718168617910844
0 0.46796875 0.5581372912707149 0.0359375 0.037709078258831144
0 0.42265625 0.525842420857406 0.0328125 0.03612839754067192
0 0.15234375 0.5289572887366322 0.0390625 0.04241475897699036
0 0.38125 0.5537265263417961 0.0359375 0.03927157825883114
0 0.290625 0.5281992855151783 0.0328125 0.03769089754067192
0 0.08125 0.5301061773985095 0.040625 0.03773634933607006
0 0.328125 0.5182612041330892 0.0328125 0.0376908975406721
0 0.51171875 0.6115168213249442 0.05 0.0846658914905479
0 0.33828125 0.5597265414671067 0.0375 0.04396816861791084
0 0.0140625 0.50546875 0.028125 0.0453125
0 0.59453125 0.579967360356164 0.0390625 0.03928975897699054
0 0.55390625 0.5859810110200939 0.0390625 0.037727258976990544
0 0.51328125 0.5912134116840239 0.0390625 0.037727258976990544
0 0.5 0.5559798936318471 0.0328125 0.03300339754067192
0 0.42421875 0.5797577612164856 0.0390625 0.039289758976990365
