0 0.01484375 0.3421875 0.0109375 0.009375
0 0.24375 0.2984375 0.0078125 0.0078125
0 0.25859375 0.36015625 0.0140625 0.015625
0 0.27421875 0.3578125 0.0109375 0.0109375
0 0.2609375 0.3875 0.0140625 0.015625
0 0.17734375 0.39140625 0.0125 0.015625
0 0.2015625 0.3984375 0.0125 0.0140625
0 0.2296875 0.3890625 0.009375 0.0109375
0 0.246875 0.39296875 0.0125 0.0125
0 0.25546875 0.296875 0.0109375 0.009375
0 0.28671875 0.30546875 0.0125 0.0125
0 0.296875 0.2984375 0.0109375 0.0125
0 0.325 0.353125 0.0109375 0.0125
0 0.29296875 0.35625 0.0125 0.0140625
0 0.30625 0.3921875 0.0125 0.015625
0 0.31796875 0.4 0.0125 0.0140625
0 0.36484375 0.378125 0.0078125 0.015625
0 0.8171875 0.5234375 0.08125 0.046875
