0 0.9669180640515431 0.278125 0.019040901336727246 0.025
0 0.9457515887173613 0.271875 0.03481135200509087 0.0375
0 0.9346231847151341 0.25546875 0.01893181333545435 0.015625
0 0.9078788713796797 0.23984375 0.02374658267027243 0.0265625
0 0.8784095473822251 0.25859375 0.044277258672817864 0.0453125
0 0.8543998827179976 0.2765625 0.017423857336090975 0.0203125
0 0.7933351133831795 0.265625 0.03319430800445451 0.0328125
0 0.7354680693825432 0.2609375 0.015843176002545256 0.01875
0 0.7269561353834977 0.26796875 0.03470226400381797 0.028125
0 0.5921875 0.2734375 0.025 0.103125
1 0.7359375 0.7625 0.3125 0.278125
