0 0.10625 0.217913166083828 0.009375 0.009429542154477843
0 0.47734375 0.26028545580241885 0.0109375 0.009438632513557366
0 0.26171875 0.24435242535540613 0.009375 0.007867042154477843
0 0.25546875 0.3014200367917246 0.0140625 0.015706813231716587
0 0.240625 0.3022876452029809 0.0109375 0.011001132513557365
0 0.25546875 0.32720128679172455 0.0140625 0.015706813231716587
0 0.33203125 0.32284960919682326 0.0125 0.014135222872636887
0 0.3109375 0.33156607904439817 0.0125 0.014135222872636887
0 0.284375 0.32547061514875164 0.0109375 0.011001132513557365
0 0.26875 0.3310302687395478 0.0125 0.014135222872636887
0 0.2515625 0.24363026268942356 0.0109375 0.009438632513557366
0 0.2234375 0.2555126391528567 0.0125 0.011010222872636888
0 0.21484375 0.24931263612779464 0.0109375 0.011001132513557365
0 0.19296875 0.3025649011549093 0.0109375 0.012563632513557365
0 0.22265625 0.3023921843323965 0.0125 0.014135222872636887
0 0.2140625 0.3360359313073344 0.0125 0.015697722872636887
0 0.2046875 0.34468422346181204 0.0125 0.014135222872636887
0 0.15703125 0.3301177294137405 0.0140625 0.01414431323171641
0 0.12890625 0.3779376058771735 0.0109375 0.017251132513557366
