0 0.71015625 0.19580143861499516 0.0078125 0.007857951795397966
0 0.34609375 0.3405583849494443 0.0109375 0.009438632513557366
0 0.559375 0.265236718963812 0.0078125 0.007857951795397966
0 0.5828125 0.32240432435000627 0.0140625 0.01570681323171641
0 0.596875 0.31857988758172284 0.0109375 0.011001132513557365
0 0.58828125 0.34821739060678497 0.0125 0.015697722872636887
0 0.509375 0.3641645774732643 0.0125 0.015697722872636887
0 0.53359375 0.3674304780389983 0.0125 0.014135222872636887
0 0.559375 0.354299218963812 0.0109375 0.011001132513557365
0 0.57578125 0.3559571677341481 0.0125 0.014135222872636887
0 0.5703125 0.26217535147736937 0.0109375 0.011001132513557365
0 0.6015625 0.2654821586589618 0.0125 0.011010222872636888
0 0.609375 0.25771511045435985 0.0109375 0.011001132513557365
0 0.6453125 0.3063616887131911 0.0109375 0.011001132513557365
0 0.615625 0.3132202218906783 0.0125 0.014135222872636887
0 0.6328125 0.3461327158405541 0.0125 0.015697722872636887
0 0.6453125 0.35245543871319107 0.0125 0.014135222872636887
0 0.68984375 0.3245895139469601 0.0140625 0.014144313231716587
0 0.73125 0.36545540846257 0.009375 0.017242042154477666
0 0.88828125 0.7799107346782977 0.0140625 0.011019313231716588
0 0.85703125 0.7758226774967054 0.0140625 0.01258181323171641
