0 0.8 0.01484375 0.03125 0.0296875
0 0.8484375 0.00390625 0.028125 0.0078125
0 0.884375 0.02734375 0.0296875 0.034375
0 0.975 0.021875 0.028125 0.034375
0 0.940625 0.01015625 0.028125 0.0203125
0 0.74765625 0.05546875 0.0375 0.078125
0 0.9234375 0.04140625 0.03125 0.0390625
0 0.52734375 0.021875 0.0484375 0.04375
0 0.61015625 0.0484375 0.0421875 0.0453125
0 0.675 0.01171875 0.034375 0.0234375
0 0.7125 0.021875 0.034375 0.0328125
0 0.75 0.03515625 0.034375 0.0328125
0 0.77109375 0.009375 0.0296875 0.01875
0 0.8375 0.04296875 0.0328125 0.034375
