0 0.2893241796380047 0.32322543920417035 0.010992042154477666 0.009438632513557366
0 0.5062253333269968 0.2752702491162372 0.007857951795397966 0.007857951795398143
0 0.5214054266129426 0.33316910752749357 0.014144313231716587 0.014144313231716587
0 0.5362355410743233 0.3309117159387499 0.009438632513557366 0.010992042154477844
0 0.5246849627172961 0.3597497882456528 0.01258181323171641 0.014135222872636887
0 0.4458150741536146 0.36554072511213215 0.011019313231716588 0.014126132513557366
0 0.46928439041039327 0.3711458304983264 0.011010222872636888 0.012563632513557365
0 0.49579234825591556 0.3619253666026799 0.009438632513557366 0.010992042154477844
0 0.5122167789740748 0.36514581537301594 0.011010222872636888 0.012563632513557365
0 0.5163724929679171 0.27376683645025474 0.009429542154477843 0.009429542154477666
0 0.5461008995837754 0.2809708032727675 0.011001132513557365 0.011001132513557365
0 0.5554349929679171 0.2739940954272452 0.009438632513557366 0.010992042154477666
0 0.5549719055357037 0.32867705024770544 0.012572722872636888 0.012572722872636888
0 0.56484375 0.36171875 0.0078125 0.0140625
