0 0.98203125 0.67421875 0.0359375 0.0546875
0 0.91953125 0.6408594085607658 0.0484375 0.048719301131468204
0 0.8796875 0.5875026044042355 0.040625 0.04242384933607006
0 0.82734375 0.6348543273750684 0.0484375 0.048719301131468204
0 0.7953125 0.6120117250139362 0.040625 0.04554884933607006
0 0.76875 0.5735759389095827 0.0375 0.03928066861791084
0 0.74453125 0.6281225383438487 0.0453125 0.04713862041330898
0 0.6953125 0.5515625 0.040625 0.025
0 0.675 0.6113117673648057 0.0453125 0.048701120413308985
0 0.63359375 0.5899771228491958 0.04375 0.04556703005422928
0 0.5953125 0.55859375 0.040625 0.0390625
0 0.56875 0.5942873729473916 0.046875 0.050272710772388506
0 0.5359375 0.5578125 0.0125 0.0375
