0 0.14957909261618413 0.2078125 0.03163180800445433 0.0328125
0 0.22075465861713867 0.20078125 0.041134077339272504 0.04375
0 0.24986999395291126 0.1828125 0.03166817067154524 0.0359375
0 0.351441584619684 0.18203125 0.03163180800445424 0.0328125
0 0.36794783195418396 0.1734375 0.025327264003817972 0.028125
0 0.4194376066200022 0.1796875 0.044277258672817864 0.0453125
0 0.48647965595163856 0.1921875 0.017478401336727244 0.025
0 0.5069012439529113 0.1828125 0.03324885200509069 0.0375
0 0.5157222606222293 0.16328125 0.01893181333545435 0.015625
0 0.54017736795832 0.14296875 0.023728401336727246 0.025
0 0.5728262359564111 0.15703125 0.0426965773392725 0.04375
0 0.5992251039545021 0.17109375 0.0174238573360908 0.0203125
0 0.6604171426241383 0.14921875 0.031613626670908876 0.03125
