0 0.00625 0.1390625 0.0125 0.021875
0 0.01690271633153344 0.13876550068737106 0.020430674668035033 0.020430674668035033
0 0.04886578863843631 0.12686039832623885 0.036137487899751616 0.03458407825883114
0 0.08773284591822446 0.09303938934924845 0.026717036104353654 0.026717036104353477
0 0.1250464935570923 0.06078997073133761 0.04402271077238851 0.047129530054229284
0 0.12226238202257803 0.11940190144949688 0.07703519867214012 0.0816954275949012
0 0.191107830792914 0.1354081756499937 0.023592036104353474 0.026698855386194254
0 0.21211522238165764 0.12044170580241884 0.012563632513557365 0.011010222872636888
0 0.2277220416634984 0.11722580221162264 0.028288626463433175 0.028288626463433175
0 0.2674158007386847 0.09121274805509243 0.03456589754067192 0.03301248789975162
0 0.33229591217500315 0.09708549815328826 0.026717036104353477 0.026717036104353477
0 0.3791800025340827 0.09837528738089976 0.023592036104353297 0.026698855386194254
0 0.4322322796614458 0.08556621517219272 0.040815897540672094 0.033048849336070066
0 0.4705362555591449 0.08924975137474211 0.04400453005422946 0.04400453005422929
0 0.03963623438371018 0.1519149404807166 0.00791249394987581 0.017232951795398143
1 0.34024931274073716 0.1212587963578902 0.011064765027114731 0.021938632513557366
1 0.76484375 0.62734375 0.4703125 0.1546875
