1 0.28125 0.18515625 0.375 0.3703125
0 0.3 0.02421875 0.3375 0.0484375
0 0.48671875 0.27578125 0.0359375 0.0453125
0 0.9045123215213359 0.23046875 0.05028180113146803 0.0484375
0 0.8607486859827166 0.228125 0.03616475897699054 0.0390625
0 0.8168623305965224 0.2046875 0.05029998184962743 0.0515625
0 0.7147912913689108 0.2515625 0.03303066861791084 0.0375
0 0.6880288034691592 0.2171875 0.03616475897699054 0.0390625
0 0.6517918425003789 0.3 0.0361193071815924 0.03125
0 0.05634298711418467 0.859375 0.05026362041330892 0.0453125
0 0.46171875 0.81328125 0.0140625 0.0484375
0 0.43731118598271657 0.8109375 0.03616475897699054 0.0390625
0 0.3934248305965222 0.7875 0.05029998184962743 0.0515625
0 0.2913537913689108 0.834375 0.03303066861791084 0.0375
0 0.2645913034691592 0.8 0.03616475897699045 0.0390625
0 0.22835434250037895 0.8828125 0.0361193071815924 0.03125
