0 0.5140625 0.25 0.009375 0.025
0 0.5605682986955812 0.2565552512730937 0.04554884933607006 0.04115225867281787
0 0.6073933017206434 0.26460356126673035 0.015734084308955332 0.01893181333545444
0 0.6198933017206434 0.26445811059836677 0.01729658430895533 0.01894999466899989
0 0.6519700035160414 0.25627289326068514 0.0314227168225127 0.030051126670908878
0 0.6950978347999348 0.22842915658818544 0.023573855386194255 0.023710220003181702
0 0.7343148709042883 0.20141212324954932 0.03773634933607006 0.04106135200509069
0 0.7246126179774219 0.257771211250822 0.06604315651766246 0.07263861600890867
0 0.7893154674116879 0.28123543590868605 0.018886355386194254 0.023655676002545346
0 0.811258645104785 0.26926214723904984 0.010992042154477844 0.00950226933481808
0 0.8268972806434045 0.2667365839035954 0.025145445745273776 0.025290901336727067
0 0.8684171601318997 0.24672352856464105 0.029851126463433176 0.028470445337363426
0 0.9292728469001832 0.2600769565563687 0.022011355386194253 0.02369203866963625
0 0.974544440284325 0.2665809478835508 0.020448855386194252 0.023673857336090797
0 0.6409006933093869 0.2790564125955033 0.00634999394987581 0.01726022533418181
1 0.9330427415139887 0.2834690032225051 0.00793067466803521 0.020403406667727175
