1 0.2078125 0.1828125 0.415625 0.340625
0 0.8598714663315334 0.26796875 0.036219301131468026 0.0484375
0 0.99296875 0.2046875 0.0140625 0.078125
0 0.053125 0.4265625 0.10625 0.09375
0 0.7340402193565956 0.7234375 0.039298849336070064 0.040625
0 0.7713675025340828 0.69375 0.037727258976990544 0.0390625
0 0.7950231711519937 0.73125 0.042451120413308986 0.0453125
0 0.8432652284317819 0.69765625 0.04242384933607006 0.040625
0 0.8846578428931624 0.6953125 0.050290891490547905 0.05
0 0.9470396682251273 0.675 0.048728391490547904 0.05
0 0.98515625 0.69375 0.0296875 0.05625
