0 0.01328125 0.1875 0.0265625 0.040625
0 0.03828125 0.15573621073358784 0.0328125 0.03319430800445433
0 0.05390625 0.21060552406904226 0.0390625 0.04107953333863614
0 0.1125 0.14097482407699644 0.034375 0.03477498933799979
0 0.121875 0.2067089120782691 0.0375 0.04106135200509069
0 0.16484375 0.1915838987507689 0.0375 0.03793635200509069
0 0.2046875 0.16626627275617772 0.034375 0.03789998933799978
0 0.225 0.2055651300922685 0.0390625 0.044204533338636054
0 0.2765625 0.17647761409926818 0.040625 0.03797271467218159
0 0.3171875 0.1785128287714497 0.0453125 0.04740225867281787
0 0.38203125 0.16442360411358567 0.0453125 0.04740225867281787
0 0.428125 0.1875 0.04375 0.053125
