0 0.58359375 0.3203125 0.0109375 0.021875
0 0.52578125 0.31015625 0.0125 0.0171875
0 0.54375 0.296875 0.028125 0.03125
0 0.5359375 0.325 0.046875 0.0421875
0 0.44765625 0.3046875 0.025 0.0265625
0 0.39375 0.3078125 0.05 0.04375
0 0.34609375 0.3125 0.0171875 0.0203125
0 0.3328125 0.31171875 0.01875 0.0203125
0 0.3015625 0.30234375 0.034375 0.0328125
0 0.26015625 0.27109375 0.0265625 0.025
0 0.221875 0.24140625 0.0421875 0.0453125
0 0.22734375 0.2984375 0.071875 0.0765625
0 0.16015625 0.31875 0.021875 0.025
0 0.1390625 0.30625 0.0125 0.0109375
0 0.1234375 0.30234375 0.0265625 0.0265625
0 0.0828125 0.27890625 0.03125 0.0296875
0 0.01875 0.28828125 0.025 0.0265625
0 0.3109375 0.32578125 0.00625 0.0171875
1 0.01328125 0.3125 0.009375 0.021875
