0 0.05546875 0.01875 0.0453125 0.0375
0 0.08984375 0.0109375 0.0359375 0.021875
0 0.1925157946885605 0.02084674766230892 0.03458407825883114 0.036137487899751616
0 0.2109375 0.01484375 0.028125 0.0296875
0 0.2621106772021179 0.03137972668326592 0.050290891490547905 0.05029089149054773
0 0.32867146330647135 0.057555886422382185 0.02046703610435365 0.02668067466803503
0 0.35051464704969265 0.05195987139526759 0.03773634933607006 0.04084316861791084
0 0.3629101079202771 0.03391839852263061 0.021974993949875808 0.017314765027114643
0 0.39093511397040126 0.016567272059197523 0.026717036104353477 0.026717036104353477
0 0.42308908381797605 0.037474669698065365 0.04715680113146821 0.048710210772388504
0 0.44742146330647137 0.05686501913233126 0.01887726502711473 0.02198408430895542
0 0.512982830792914 0.045545724050987335 0.03614657825883114 0.03614657825883114
0 0.5739021500747548 0.04206620004688224 0.01729658430895533 0.01884999394987581
0 0.5833271470496927 0.05060540789240453 0.03768180718159222 0.03146816861791084
