1 0.221875 0.38125 0.275 0.115625
0 0.18671875 0.215625 0.3453125 0.21875
0 0.9625 0.03729352614540442 0.0421875 0.04243293969514968
0 0.91171875 0.01015625 0.0359375 0.0203125
0 0.88203125 0.0602628726528041 0.0421875 0.04243293969514968
0 0.846875 0.050683339573512676 0.0359375 0.04083407825883114
0 0.8125 0.026264601673761146 0.0328125 0.03612839754067192
0 0.8078125 0.08014358059652227 0.040625 0.04242384933607006
0 0.73984375 0.02506064997655888 0.0359375 0.03458407825883123
0 0.74375 0.0883646258742579 0.0390625 0.04241475897699036
0 0.70078125 0.08264589099956843 0.0390625 0.04085225897699045
0 0.6578125 0.06598965612487895 0.0359375 0.03770907825883123
0 0.646875 0.10655102361132163 0.0421875 0.04399543969514967
0 0.59296875 0.08904990622307482 0.0421875 0.039307939695149674
0 0.5546875 0.09820219242562418 0.0484375 0.048719301131468204
0 0.490625 0.09704823770335987 0.046875 0.050272710772388506
0 0.446875 0.12882495764913057 0.0578125 0.056586343285945875
1 0.31328125 0.69375 0.0921875 0.509375
1 0.125 0.75625 0.25 0.271875
