0 0.5551021530998168 0.04353831733693316 0.040852258976990366 0.039298849336070064
0 0.50546875 0.009375 0.0328125 0.01875
0 0.46533112597245385 0.05656101298401119 0.040861349336070066 0.040861349336070066
0 0.4300794272021179 0.040359296063302616 0.03460225897699054 0.03926248789975162
0 0.396875 0.0125 0.03125 0.025
0 0.3849169181269316 0.06640416647661151 0.037727258976990544 0.03928066861791084
0 0.321875 0.00625 0.034375 0.0125
0 0.31615328258831205 0.06446039227611466 0.03773634933607006 0.04084316861791084
0 0.2707635145361353 0.051442762689423605 0.03615566861791084 0.03770907825883123
0 0.22843511397040128 0.027469452384573278 0.03458407825883114 0.036137487899751616
0 0.20992600848601112 0.0689847866935287 0.03774543969514967 0.04240566861791084
0 0.15585613202257803 0.0411734040817755 0.03928066861791084 0.03772725897699045
0 0.11369590309981685 0.04610634377692517 0.0440136204133089 0.04556703005422928
0 0.04643568022717992 0.033997229217348754 0.04402271077238851 0.047129530054229284
0 0.01015625 0.06015625 0.0203125 0.0515625
0 0.4159032977136226 0.7029678594914108 0.03152271077238851 0.0470568071815924
0 0.24300615319801278 0.6625660941697087 0.05667724687674216 0.07376475292686635
