0 0.98515625 0.13359375 0.0296875 0.0359375
0 0.9558035306434045 0.19049565144949687 0.040870439695149585 0.04242384933607006
0 0.9214921631569618 0.17975813934924845 0.03616475897699054 0.03927157825883123
0 0.8888251089022358 0.1549490368899204 0.03301248789975162 0.03456589754067192
0 0.8838239915139889 0.20888255796715924 0.039298849336070064 0.040852258976990366
0 0.8177495396203949 0.15223764822804303 0.03457498789975162 0.03457498789975162
0 0.8189438800776705 0.2155098078689634 0.03773634933607006 0.04084316861791084
0 0.7760205818730685 0.2079472927436529 0.037718168617910844 0.037718168617910844
0 0.7347143258229443 0.19100068725926275 0.03459316861791084 0.03769998789975162
0 0.721982521666414 0.23091716013189972 0.040879530054229285 0.04398634933607006
