1 0.80390625 0.25859375 0.3484375 0.3203125
0 0.54296875 0.47265625 0.0671875 0.1078125
0 0.99453125 0.5109375 0.0109375 0.021875
0 0.9626919393023663 0.4876967106142751 0.03773634933607006 0.04106135200509069
0 0.9703125 0.540625 0.059375 0.071875
0 0.9115930476154267 0.5679841946212749 0.018886355386194254 0.023655676002545433
0 0.8904356651018694 0.5572921426241384 0.010992042154477844 0.00950226933481808
0 0.8748015747427897 0.5559114559595928 0.023573855386194255 0.023710220003181702
0 0.8340720356133742 0.5384154206317743 0.029842036104353653 0.026907945337363515
0 0.7740112343837102 0.555521651973274 0.022011355386194253 0.02369203866963616
0 0.7310924813586481 0.5646153886457738 0.020439765027114552 0.0221113573360908
0 0.6795027102814093 0.5605278726527734 0.03609203610435348 0.026980670671545325
0 0.64609375 0.5703125 0.0328125 0.0375
1 0.7710180445903646 0.5782142646403649 0.007930674668035032 0.020403406667727175
