0 0.99375 0.25234375 0.0125 0.0421875
0 0.9760413669954634 0.219470079142594 0.03458407825883114 0.036137487899751616
0 0.9599623699223295 0.27581552791292996 0.040870439695149585 0.04242384933607006
0 0.9001555778660478 0.20194221155795544 0.03614657825883114 0.03614657825883123
0 0.8888277133064714 0.2691978892510526 0.040879530054229105 0.04398634933607006
0 0.8442010145361353 0.2530507144848217 0.039298849336070064 0.040852258976990366
0 0.8034123880727023 0.22516206382089177 0.037727258976990544 0.03928066861791084
0 0.7817737374087723 0.2659143288480064 0.042451120413308806 0.04555793969514967
0 0.72924818022718 0.2349688558771736 0.04242384933607006 0.040870439695149675
0 0.6862839754067197 0.23600009075186307 0.04871930113146803 0.04871930113146812
0 0.6182197766363837 0.21998927137182642 0.04872839149054773 0.050281801131468205
0 0.5644453368430382 0.24295913876007327 0.05813975292686635 0.056586343285945875
