0 0.3866671903825207 0.7763383032304592 0.051853391490547907 0.05059998400699959
0 0.32044274756411306 0.7458610099061407 0.04400453005422929 0.044259077339272326
0 0.2840057986955813 0.6978507712444586 0.03616475897699054 0.03948067067154515
0 0.23531831382089177 0.7413831425843674 0.04400453005422929 0.0442590773392725
0 0.2065302384889268 0.7214069972549582 0.03774543969514958 0.04262385200509069
0 0.18251602156821817 0.6865325579249125 0.03458407825883114 0.03633748933799978
0 0.15956888007767045 0.7367961872613215 0.04243293969514959 0.04267839600572696
0 0.11547396731349213 0.6623143552673667 0.03614657825883114 0.036355670671545146
0 0.09715069330938694 0.7234609406031394 0.040879530054229285 0.0442227146721816
0 0.05820182279788222 0.7043842239417754 0.039298849336070064 0.04107953333863605
0 0.02400408479993472 0.6743154632797752 0.03772725897699045 0.03949885200509069
0 0.01015625 0.70859375 0.0203125 0.0453125
0 0.696875 0.5609375 0.434375 0.24375
