0 0.09765625 0.10390625 0.1953125 0.2078125
0 0.871875 0.08984375 0.190625 0.1796875
0 0.03195099941082482 0.6631148812858203 0.03458407825883123 0.03633748933799978
0 0.24814817115199359 0.6246592665897763 0.03457498789975162 0.03477498933799979
0 0.19568624648395855 0.6049558412635487 0.03144998789975162 0.03473862667090888
0 0.45078125 0.57890625 0.0171875 0.0390625
0 0.16310100546094902 0.644400149268003 0.03303066861791084 0.037881808004454245
0 0.0685652102814092 0.6447188699475024 0.03145907825883123 0.03630112667090888
0 0.10204078561337422 0.6240154712762753 0.03144998789975162 0.03473862667090888
0 0.3046345204880637 0.6646297385821403 0.04266928903121965 0.08330339600572714
0 0.12257145423128506 0.6612791139401846 0.03462043969514959 0.04258748933799979
0 0.44140625 0.64609375 0.0359375 0.0484375
0 0.3762004482793566 0.6106683972390499 0.037709078258831144 0.03637385200509069
0 0.33957714704969266 0.6275019085773678 0.036137487899751616 0.03479317067154515
0 0.3006055506404888 0.6435814419160039 0.03769998789975162 0.03481135200509069
0 0.27854874345889646 0.6125859805856401 0.0314318071815924 0.031613626670908876
0 0.21083452351312576 0.6571268685948669 0.03615566861791084 0.03791817067154515
0 0.696875 0.72890625 0.475 0.5421875
