1 0.33625916598563216 0.16735865417997137 0.033057939695149675 0.04237839754067192
1 0.31040519311299525 0.1800086451047851 0.014144313231716587 0.014144313231716587
1 0.24573363905466086 0.2850688498270494 0.03785452400410509 0.061155668617910844
1 0.04920861787922613 0.22605798507108119 0.03146816861791082 0.0376818071815924
0 0.04006996721529619 0.18548752722555895 0.04564884328594587 0.058076120413308986
0 0.12144268706287105 0.1639210785534188 0.04564884328594587 0.058076120413308896
0 0.23976544018612903 0.23666771126336786 0.059838608313060426 0.08003293364502548
0 0.4158375816766767 0.18564504586691086 0.05829428903121965 0.08314884328594588
0 0.3272023285534188 0.1127256963344491 0.04564884328594587 0.058076120413308896
0 0.3074801810127468 0.14565182582294428 0.03310339149054773 0.050190897540671964
