0 0.77089077956325 0.15078125 0.03458407825883114 0.0359375
0 0.8576640717177277 0.16015625 0.037727258976990544 0.0390625
0 0.9498970235131257 0.16796875 0.039280668617910665 0.0375
0 0.7170845235131258 0.16796875 0.03615566861791084 0.0375
0 0.49651749345889645 0.12421875 0.03614657825883114 0.0359375
0 0.5510913639704013 0.1046875 0.03303066861791084 0.0375
0 0.8156583788993201 0.19140625 0.039307939695149584 0.0421875
0 0.5833589633064713 0.1453125 0.03460225897699054 0.0390625
0 0.6794708940246306 0.1484375 0.03303066861791084 0.0375
0 0.8853214391059744 0.2140625 0.040843168617910666 0.0375
0 0.6457544241770556 0.12734375 0.03303066861791084 0.0375
0 0.43736975243588694 0.16328125 0.04737496974937905 0.0859375
0 0.6240975927949666 0.16484375 0.03619203005422929 0.04375
0 0.9673572342855141 0.21484375 0.047129530054229464 0.04375
0 0.4046875 0.1234375 0.03125 0.0375
0 0.44192998740877226 0.14140625 0.03928066861791084 0.0375
0 0.4659760205862595 0.11171875 0.033003397540672094 0.0328125
0 0.533436231358648 0.15859375 0.03928975897699054 0.0390625
