0 0.634375 0.61640625 0.03125 0.0359375
0 0.6436788397699045 0.6753751663784157 0.040870439695149766 0.04242384933607006
0 0.7112657946885605 0.6093547357584523 0.036137487899751616 0.03458407825883114
0 0.7140049753085239 0.6773098502198328 0.039317030054229284 0.04397725897699054
0 0.7592583879745064 0.666889979806524 0.039298849336070064 0.040852258976990366
0 0.8036623729473916 0.6447559045727548 0.037727258976990544 0.03928066861791084
0 0.8195419030016209 0.6884150009819587 0.042451120413308986 0.04555793969514958
0 0.8756510024358869 0.6638689980550925 0.04242384933607006 0.040870439695149766
0 0.9186606590517453 0.6706502631804029 0.04871930113146803 0.048719301131468204
0 0.98125 0.6625 0.0375 0.05
