0 0.58671875 0.1825819492759572 0.025 0.03622840133672707
0 0.675 0.3565547039306395 0.0234375 0.0330852200031817
0 0.73828125 0.35581835992204897 0.021875 0.03306703866963616
1 0.39765625 0.79375 0.2234375 0.1875
0 0.64375 0.9692921559516385 0.08125 0.06032042934436319
0 0.8859375 0.9203802992520946 0.09375 0.06671588001272646
0 0.53203125 0.9823108713001378 0.0359375 0.025418170671545327
0 0.59609375 0.9784404366247745 0.04375 0.027071577339272325
0 0.575 0.9661858846276381 0.028125 0.019077264003817974
1 0.53046875 0.9953125 0.0171875 0.009375
