0 0.55703125 0.05078125 0.1734375 0.1015625
0 0.41171875 0.5568207518467118 0.03125 0.032994307181592394
0 0.340625 0.5571883905085891 0.040625 0.04242384933607006
0 0.31015625 0.5421673785065366 0.03125 0.0361193071815924
0 0.2109375 0.5517463907049809 0.0296875 0.032985216822512695
0 0.19296875 0.5446106015755652 0.0234375 0.028261355386194252
0 0.14375 0.5560430052645573 0.04375 0.04556703005422928
0 0.078125 0.5751924601832133 0.0171875 0.02509999394987581
0 0.0578125 0.5672617855151783 0.0328125 0.03769089754067192
0 0.046875 0.5492294030016209 0.01875 0.014171584308955331
0 0.02109375 0.5318919120768073 0.0234375 0.025136355386194253
0 0.0046875 0.5484375 0.009375 0.04375
