0 0.99375 0.06875 0.0125 0.028125
0 0.9456510440404072 0.07112310460062732 0.05210794000636341 0.04717498184962743
0 0.8957055880410436 0.07551971311007959 0.01900453866963616 0.02198408430895542
0 0.8831874067074981 0.07388449023744266 0.018986357336090977 0.02042158430895542
0 0.85024763737268 0.0627560926967707 0.03477498933799979 0.03457498789975162
0 0.8084686700349983 0.03048394818116078 0.02687158267027252 0.026717036104353477
0 0.76875 0.01015625 0.04375 0.0203125
0 0.7744118433720437 0.05762771028140921 0.07594542934436328 0.08168633723582168
0 0.7058891100413617 0.07675898448190602 0.02374658267027261 0.026698855386194254
0 0.6830692280394527 0.06256467427525161 0.012627269334818081 0.011010222872636888
0 0.6674078653723619 0.05934877068445541 0.02845226400381797 0.028288626463433175
0 0.6257107140356347 0.034107876168845495 0.03317612667090888 0.03144089754067192
0 0.8599135387094071 0.08781063485124836 0.008030676002545433 0.018795451795398144
