4 0.184375 0.346169 0.146875 0.310229
3 0.158594 0.199144 0.034375 0.047075
2 0.161719 0.092131 0.103125 0.155287
4 0.983594 0.101562 0.032812 0.203125
4 0.933594 0.081085 0.084375 0.158303
4 0.826563 0.118744 0.107813 0.189690
4 0.612500 0.132812 0.146875 0.265625
4 0.421094 0.135937 0.064062 0.271875
1 0.739062 0.380734 0.015625 0.043841
0 0.724219 0.328304 0.043750 0.064317
0 0.575781 0.312597 0.075000 0.091061
1 0.533594 0.009375 0.064062 0.018750
1 0.971875 0.007031 0.034375 0.014062
1 0.921875 0.003906 0.037500 0.007812
1 0.817187 0.017969 0.037500 0.035937
3 0.786719 0.647656 0.192188 0.017187
4 0.874219 0.842969 0.251562 0.314062