3 0.003218 0.551374 0.006436 0.052749
4 0.098948 0.604974 0.149629 0.357330
0 0.205941 0.622840 0.064356 0.083377
1 0.455322 0.743652 0.022525 0.040838
1 0.185829 0.715576 0.024134 0.054450
1 0.993936 0.577749 0.012129 0.022120
1 0.766646 0.576898 0.027351 0.025524
1 0.905012 0.642408 0.025743 0.025524
1 0.789171 0.729188 0.035396 0.035733
1 0.565532 0.618586 0.037005 0.034031
2 0.580817 0.440772 0.020916 0.013613
2 0.693441 0.448429 0.016089 0.013613
2 0.992327 0.536911 0.015347 0.034031
2 0.912252 0.602421 0.061139 0.049346
2 0.918688 0.528403 0.025743 0.023822
2 0.881683 0.520746 0.033787 0.028927
2 0.763428 0.519895 0.053094 0.042539
2 0.791584 0.659424 0.086881 0.069764
2 0.559901 0.553076 0.075619 0.059555
4 0.555879 0.696008 0.083663 0.142932
4 0.582426 0.474804 0.025743 0.034031
4 0.692636 0.486715 0.028960 0.037435
4 0.737686 0.644110 0.072401 0.122513
4 0.836634 0.836387 0.099752 0.204188
4 0.868812 0.605825 0.054703 0.093586
4 0.930755 0.717277 0.062748 0.151440
4 0.908230 0.573495 0.035396 0.027225
4 0.985891 0.639856 0.028218 0.093586
0 0.440842 0.690903 0.045049 0.057853