1 0.014484 0.407463 0.028968 0.116418
4 0.320437 0.276493 0.479762 0.378358
1 0.223402 0.131810 0.077581 0.032762
2 0.054034 0.249005 0.108069 0.148756
0 0.732275 0.461629 0.055026 0.008085
0 0.763375 0.337242 0.008628 0.004898
0 0.764390 0.362309 0.010347 0.004907
2 0.449146 0.826238 0.070863 0.058595
2 0.301118 0.801983 0.062275 0.060165
2 0.193559 0.787652 0.072592 0.060221
2 0.125927 0.970763 0.060575 0.058474
0 0.036337 0.797244 0.072674 0.091055
3 0.042057 0.896769 0.051937 0.056874
3 0.213995 0.894476 0.041580 0.050350
3 0.321593 0.915276 0.053667 0.058501
3 0.465343 0.942740 0.050198 0.053631
4 0.364286 0.968097 0.171958 0.063806
4 0.249934 0.961629 0.166799 0.076741