0 0.507935 0.874219 0.034757 0.032813
3 0.509089 0.842187 0.019023 0.023438
1 0.673437 0.745313 0.246875 0.190625
2 0.718750 0.947656 0.337500 0.104687
2 0.278906 0.584375 0.214063 0.131250
2 0.460156 0.539063 0.179688 0.221875
3 0.331861 0.471094 0.107595 0.115625
3 0.518750 0.268750 0.062500 0.171875
4 0.399219 0.622656 0.089063 0.054688
4 0.180469 0.602344 0.082813 0.095312
4 0.360937 0.238281 0.312500 0.476562
4 0.050000 0.216406 0.100000 0.432812
2 0.708626 0.332031 0.085230 0.073437
4 0.696875 0.106250 0.137500 0.212500
1 0.733236 0.231250 0.025727 0.062500