0 0.641406 0.428125 0.051563 0.021875
0 0.671726 0.379921 0.026799 0.020622
0 0.667284 0.358881 0.041061 0.037973
0 0.651042 0.345010 0.017424 0.020513
0 0.636525 0.317057 0.028434 0.026890
0 0.658736 0.287897 0.048983 0.047439
0 0.679313 0.265004 0.022093 0.019004
0 0.673027 0.201023 0.036356 0.036356
0 0.672945 0.140876 0.020512 0.017424
0 0.681639 0.132183 0.031686 0.037864
3 0.714279 0.146644 0.018950 0.017406
3 0.705022 0.203776 0.015807 0.015807
3 0.701869 0.273334 0.014208 0.012664
3 0.699225 0.299143 0.020549 0.020549
3 0.665340 0.324534 0.014244 0.015789
3 0.682700 0.376668 0.009448 0.006359
3 0.702304 0.370191 0.014226 0.014226