4 0.642188 0.346094 0.143750 0.126563
4 0.817969 0.365625 0.132812 0.087500
4 0.948438 0.369531 0.103125 0.079687
2 0.853173 0.224714 0.085357 0.085357
3 0.838612 0.315939 0.058449 0.055360
0 0.659375 0.424219 0.106250 0.029688
0 0.772656 0.442187 0.098437 0.065625
0 0.709678 0.504855 0.033212 0.034757
0 0.804209 0.505955 0.039535 0.041080
0 0.855971 0.523743 0.041134 0.044223
0 0.985156 0.550781 0.029688 0.042187
3 0.977665 0.576714 0.011137 0.017315
3 0.846933 0.552540 0.018986 0.020531
3 0.643598 0.465029 0.053725 0.052181
3 0.759732 0.510125 0.047457 0.050545