0 0.228906 0.438423 0.017187 0.017388
4 0.189062 0.444355 0.059375 0.038191
0 0.285156 0.952612 0.046875 0.039608
0 0.271875 0.981250 0.050000 0.037500
4 0.183594 0.430356 0.114063 0.074765
0 0.464063 0.017969 0.034375 0.035938
0 0.447656 0.077883 0.025000 0.019041
0 0.455469 0.098886 0.037500 0.034811
0 0.473437 0.109614 0.015625 0.020494
0 0.465625 0.167969 0.031250 0.042187
0 0.455469 0.192636 0.020313 0.017424
0 0.467969 0.255469 0.026562 0.032812
0 0.475000 0.314062 0.012500 0.015625
0 0.469531 0.325000 0.023438 0.034375
3 0.436719 0.313948 0.017187 0.015825
3 0.438281 0.256898 0.014063 0.015789
3 0.432031 0.187440 0.012500 0.011083
3 0.431250 0.161667 0.017187 0.018950
3 0.460938 0.131635 0.014063 0.014226
3 0.437500 0.083470 0.007812 0.006341
3 0.418750 0.092282 0.012500 0.012645
3 0.419531 0.008594 0.023438 0.017187