3 0.352206 0.035156 0.049056 0.053125
3 0.293402 0.187500 0.069223 0.040625
3 0.312614 0.349219 0.056941 0.059375
3 0.270752 0.522656 0.056923 0.057813
2 0.180273 0.510156 0.058612 0.068750
2 0.209653 0.335156 0.074456 0.087500
2 0.185418 0.135156 0.094895 0.098437
2 0.260938 0.027344 0.075000 0.054688
4 0.465625 0.064063 0.187500 0.128125
4 0.437500 0.167969 0.243750 0.189062
4 0.440625 0.383594 0.237500 0.207812
4 0.423438 0.554688 0.271875 0.165625
1 0.918750 0.492969 0.162500 0.332812
2 0.716406 0.468750 0.314062 0.381250