4 0.671454 0.103031 0.017378 0.032912
4 0.769905 0.105948 0.017388 0.034475
2 0.768002 0.047345 0.026726 0.028280
2 0.672866 0.077259 0.017306 0.020412
2 0.714386 0.097031 0.094259 0.088045
2 0.778136 0.177868 0.111510 0.099083
2 0.934503 0.064719 0.033022 0.036128
2 0.935144 0.174875 0.100518 0.089644
1 0.928499 0.106870 0.023592 0.026699
1 0.939587 0.267086 0.063000 0.086301
1 0.696200 0.193797 0.064608 0.094123
1 0.385156 0.110937 0.092188 0.143750
1 0.742894 0.297190 0.085066 0.119241
4 0.458594 0.338281 0.239062 0.423438
4 0.649219 0.388281 0.126562 0.323438
4 0.728906 0.457813 0.229687 0.184375
4 0.899219 0.419531 0.176563 0.260938
4 0.989062 0.162500 0.021875 0.071875
2 0.137392 0.683624 0.103998 0.150600
3 0.119383 0.810858 0.065925 0.051944
4 0.108594 0.891406 0.189062 0.217188