4 0.852460 0.142003 0.295080 0.284005
0 0.521676 0.259446 0.010372 0.026196
0 0.470222 0.266315 0.050394 0.043122
0 0.418416 0.274748 0.017408 0.019838
0 0.404586 0.274596 0.019137 0.019857
0 0.369097 0.266019 0.034766 0.031489
0 0.321381 0.236843 0.026082 0.024845
0 0.277992 0.208533 0.041751 0.043026
0 0.288726 0.267589 0.073069 0.076115
0 0.217140 0.292176 0.020896 0.024788
0 0.192863 0.279630 0.012161 0.009957
0 0.175560 0.276983 0.027820 0.026501
0 0.129624 0.256013 0.033027 0.029833
0 0.062294 0.270005 0.024353 0.024826
0 0.012206 0.276820 0.022624 0.024807
3 0.523404 0.289736 0.006915 0.014736
3 0.481746 0.313101 0.008774 0.021380
3 0.418542 0.295214 0.008714 0.011556
3 0.402988 0.295861 0.012161 0.009957
3 0.369288 0.297127 0.019117 0.016582
0 0.381344 0.289893 0.007026 0.018086
3 0.323276 0.263877 0.013910 0.013251
3 0.313265 0.322705 0.007096 0.029547
3 0.219000 0.313480 0.010443 0.011575
3 0.175736 0.305636 0.013910 0.013251
3 0.129815 0.287121 0.020835 0.014964
1 0.058123 0.294517 0.008774 0.021380
3 0.011508 0.303826 0.017378 0.014926