3 0.385024 0.498589 0.103301 0.075134
3 0.176834 0.463642 0.125550 0.145027
2 0.195515 0.353508 0.113123 0.054888
2 0.363869 0.374679 0.121208 0.081149
0 0.689165 0.153765 0.178596 0.114714
4 0.658374 0.406855 0.166870 0.258602
3 0.717193 0.263155 0.075055 0.068623
0 0.497861 0.592944 0.154156 0.113575
0 0.516137 0.658468 0.117604 0.150269
0 0.049878 0.691667 0.099755 0.220161
0 0.445423 0.858563 0.179179 0.224794
0 0.073716 0.974261 0.147433 0.051478
0 0.417604 0.978629 0.209780 0.042742
2 0.555868 0.939314 0.038142 0.121371
3 0.535312 0.982816 0.030464 0.034368
0 0.071333 0.908333 0.142665 0.143280
4 0.062651 0.811557 0.105630 0.140456
4 0.202038 0.885408 0.180953 0.229185
2 0.193417 0.727646 0.105482 0.112499
3 0.274108 0.796309 0.041598 0.052684
4 0.438683 0.630488 0.078816 0.178724
4 0.551100 0.841935 0.047677 0.213172