0 0.966918 0.278125 0.019041 0.025000
0 0.945752 0.271875 0.034811 0.037500
0 0.934623 0.255469 0.018932 0.015625
0 0.907879 0.239844 0.023747 0.026563
0 0.878410 0.258594 0.044277 0.045313
0 0.854400 0.276563 0.017424 0.020312
0 0.793335 0.265625 0.033194 0.032812
0 0.735468 0.260938 0.015843 0.018750
0 0.726956 0.267969 0.034702 0.028125
0 0.592188 0.273437 0.025000 0.103125
3 0.585938 0.360938 0.012500 0.037500
3 0.738275 0.300781 0.015825 0.017187
3 0.794471 0.296094 0.015789 0.014063
3 0.862476 0.299219 0.011101 0.014063
3 0.887476 0.299219 0.020512 0.017187
3 0.913675 0.267969 0.014226 0.014063
3 0.962358 0.289062 0.006341 0.007812
3 0.955527 0.306250 0.012645 0.012500
4 0.199219 0.612500 0.145312 0.025000
1 0.735937 0.762500 0.312500 0.278125
4 0.789844 0.919531 0.420313 0.160938