4 0.702315 0.360759 0.163360 0.428483
4 0.894577 0.393905 0.210847 0.362189
1 0.913653 0.122825 0.172694 0.245651
1 0.667064 0.070833 0.092857 0.141667
4 0.174178 0.183667 0.034702 0.050313
4 0.002148 0.157566 0.004295 0.064893
0 0.177047 0.136791 0.024244 0.027619
3 0.170914 0.155352 0.006928 0.008122
0 0.002682 0.103446 0.005365 0.024385
2 0.712632 0.604913 0.183995 0.059826
1 0.702315 0.718905 0.163360 0.229602
2 0.390000 0.643840 0.013857 0.016244
3 0.385631 0.655134 0.008648 0.008132
4 0.382877 0.683416 0.026064 0.043798