3 0.168750 0.990625 0.068750 0.018750
1 0.494531 0.954901 0.028125 0.020476
1 0.730469 0.945715 0.028125 0.025164
1 0.589063 0.888726 0.026562 0.025155
1 0.702344 0.802129 0.035938 0.034584
1 0.930469 0.898458 0.039062 0.033040
2 0.496094 0.988281 0.032812 0.023438
2 0.583594 0.927820 0.062500 0.050364
2 0.578906 0.993750 0.026562 0.012500
2 0.615625 0.995312 0.034375 0.009375
2 0.736719 0.989844 0.054688 0.020312
2 0.703125 0.867750 0.089062 0.070831
2 0.939062 0.960127 0.078125 0.059830
4 0.938281 0.823413 0.089062 0.139581
4 0.757031 0.880717 0.076563 0.119195
4 0.651563 0.701643 0.106250 0.199056
4 0.626562 0.922101 0.057812 0.090961
4 0.560156 0.819363 0.068750 0.145712
4 0.588281 0.955136 0.035938 0.026772
4 0.500781 0.896875 0.042188 0.090625
3 0.339844 0.439219 0.031250 0.054869
0 0.320312 0.483864 0.059375 0.105033
0 0.882031 0.478027 0.021875 0.017315