1 0.718750 0.185156 0.375000 0.370313
0 0.700000 0.024219 0.337500 0.048437
4 0.765625 0.372656 0.468750 0.232812
0 0.513281 0.275781 0.035937 0.045313
0 0.095488 0.230469 0.050282 0.048437
0 0.139251 0.228125 0.036165 0.039062
0 0.183138 0.204688 0.050300 0.051562
0 0.285209 0.251563 0.033031 0.037500
0 0.311971 0.217187 0.036165 0.039062
0 0.348208 0.300000 0.036119 0.031250
3 0.521875 0.316406 0.018750 0.023438
3 0.188384 0.242969 0.014153 0.015625
3 0.128913 0.259375 0.020440 0.021875
3 0.096796 0.274219 0.023574 0.023438
0 0.943657 0.859375 0.050264 0.045313
0 0.538281 0.813281 0.014063 0.048437
0 0.562689 0.810938 0.036165 0.039062
0 0.606575 0.787500 0.050300 0.051563
0 0.708646 0.834375 0.033031 0.037500
0 0.735409 0.800000 0.036165 0.039062
0 0.771646 0.882812 0.036119 0.031250
3 0.946546 0.900000 0.023574 0.023438
3 0.611821 0.825781 0.014153 0.015625
3 0.552351 0.842188 0.020440 0.021875