3 0.112500 0.330469 0.225000 0.239062
0 0.163281 0.221875 0.326563 0.443750
4 0.735938 0.846875 0.309375 0.306250
4 0.803125 0.696094 0.040625 0.092188
4 0.906250 0.812500 0.187500 0.325000
4 0.928906 0.694531 0.073438 0.089062
4 0.967187 0.768750 0.065625 0.237500
0 0.700781 0.825000 0.473437 0.350000
0 0.507031 0.825000 0.173437 0.350000
0 0.160937 0.699219 0.171875 0.098438
3 0.313281 0.734678 0.046875 0.061210
4 0.259375 0.928906 0.309375 0.142187
4 0.326563 0.849599 0.040625 0.114299
4 0.378125 0.850781 0.084375 0.298437
0 0.363281 0.675594 0.021875 0.040752
0 0.210156 0.825000 0.420313 0.350000
0 0.058594 0.825000 0.117188 0.350000