1 0.714511 0.848269 0.116261 0.110720
2 0.985938 0.782812 0.028125 0.078125
3 0.909292 0.754590 0.040861 0.041098
3 0.669802 0.683934 0.072284 0.071149
2 0.860938 0.678125 0.128125 0.156250
2 0.888589 0.822023 0.127253 0.120223
4 0.460938 0.689844 0.400000 0.179688
4 0.464844 0.857031 0.407812 0.239062
4 0.624219 0.050781 0.460938 0.101562
4 0.973437 0.039062 0.053125 0.078125
0 0.957031 0.567187 0.067188 0.065625
0 0.954749 0.441208 0.074119 0.118042
0 0.883687 0.447504 0.083512 0.121276
0 0.884375 0.564844 0.081250 0.070312
2 0.016406 0.840625 0.032812 0.287500
3 0.117585 0.891004 0.041270 0.111410
4 0.178125 0.904687 0.165625 0.190625