3 0.334981 0.227810 0.094623 0.095437
2 0.161561 0.269793 0.106631 0.123617
4 0.475771 0.186824 0.188817 0.237162
1 0.955560 0.892416 0.062545 0.065378
1 0.673093 0.822170 0.089435 0.079596
2 0.606105 0.990878 0.071851 0.018243
2 0.932079 0.960078 0.076418 0.079844
2 0.853185 0.932198 0.065925 0.068912
2 0.988946 0.998784 0.022108 0.002432
2 0.585218 0.810473 0.030077 0.124730
4 0.844409 0.722635 0.311182 0.230135
4 0.835026 0.937297 0.305784 0.125405
4 0.988111 0.850878 0.023779 0.117703
2 0.996465 0.592635 0.007069 0.103649