0 0.229687 0.939062 0.184375 0.121875
3 0.043851 0.697737 0.077526 0.083258
3 0.423495 0.960390 0.082159 0.078598
3 0.787224 0.508411 0.062882 0.033176
3 0.834752 0.362812 0.049037 0.051844
3 0.827347 0.196438 0.049037 0.051844
3 0.807441 0.030136 0.045822 0.044014
2 0.714844 0.019531 0.079687 0.039062
2 0.741345 0.191469 0.049147 0.061219
2 0.737023 0.357130 0.063391 0.076926
2 0.679748 0.537944 0.082250 0.086410
4 0.902344 0.554688 0.195312 0.109375
4 0.925781 0.367969 0.148438 0.167188
4 0.925000 0.197656 0.150000 0.132812
4 0.914062 0.033594 0.171875 0.067187