3 0.076293 0.857031 0.097420 0.093750
2 0.128914 0.904687 0.092824 0.109375
4 0.057813 0.723437 0.115625 0.246875
3 0.960704 0.689844 0.031404 0.026563
3 0.924063 0.703125 0.025127 0.021875
3 0.863034 0.687500 0.025136 0.023438
3 0.853936 0.735156 0.020440 0.021875
3 0.815564 0.719531 0.023574 0.023438
3 0.775298 0.781250 0.028261 0.023438
3 0.767100 0.714844 0.025136 0.023438
3 0.703451 0.785938 0.023565 0.021875
3 0.703069 0.720313 0.026708 0.025000
3 0.664225 0.757813 0.025145 0.025000
3 0.598895 0.808594 0.026717 0.026563
3 0.429688 0.797656 0.021875 0.026563
3 0.472859 0.764844 0.029851 0.028125
3 0.546347 0.773438 0.031404 0.026563
3 0.625830 0.738281 0.028289 0.028125
0 0.436719 0.842187 0.035937 0.046875
0 0.477815 0.810937 0.053425 0.051562
0 0.553619 0.814844 0.045576 0.045312
0 0.606935 0.847656 0.037736 0.040625
0 0.636272 0.787500 0.045576 0.045312
0 0.672260 0.796094 0.039317 0.043750
0 0.708338 0.820312 0.036156 0.037500
0 0.710350 0.763281 0.044005 0.043750
0 0.782543 0.817969 0.039281 0.037500
0 0.776693 0.752344 0.042451 0.045313
0 0.821251 0.757031 0.040870 0.042187
0 0.865088 0.771875 0.039299 0.040625
0 0.874998 0.729688 0.045585 0.046875
0 0.932125 0.746094 0.043995 0.042188
0 0.971119 0.734375 0.050300 0.051562
0 0.243699 0.553906 0.066134 0.087500
0 0.129518 0.533594 0.029960 0.046875
3 0.571842 0.333594 0.047202 0.056250
0 0.581822 0.437500 0.115008 0.162500