4 0.401563 0.402344 0.237500 0.214062
3 0.393320 0.225000 0.068151 0.082812
2 0.395271 0.057031 0.093242 0.090625
2 0.087279 0.769531 0.009502 0.010937
2 0.100542 0.767969 0.011065 0.010937
3 0.450724 0.783594 0.006450 0.017187
2 0.433282 0.761719 0.014281 0.018750
2 0.446690 0.772656 0.011137 0.017187
4 0.088696 0.824219 0.014790 0.062500
4 0.104285 0.821094 0.027235 0.057812
3 0.096000 0.780469 0.007940 0.010937
3 0.088215 0.782812 0.006359 0.009375
4 0.446627 0.834375 0.024347 0.078125
4 0.436398 0.828125 0.014899 0.071875
4 0.429221 0.815625 0.016552 0.079687
2 0.438124 0.775000 0.007994 0.015625