0 0.814916 0.531965 0.231233 0.174627
2 0.567297 0.730037 0.012745 0.011318
2 0.592787 0.780162 0.016387 0.014552
2 0.580042 0.795522 0.010924 0.011318
4 0.522689 0.735697 0.043698 0.025871
4 0.550910 0.780162 0.040056 0.019403
4 0.541807 0.804415 0.041877 0.025871
4 0.541807 0.754291 0.049160 0.027488
4 0.508123 0.738122 0.134734 0.045274
3 0.621919 0.544901 0.121989 0.114801
2 0.023810 0.108333 0.029132 0.014552
3 0.015616 0.118035 0.025490 0.014552
4 0.027836 0.144714 0.055672 0.053358
4 0.292367 0.620896 0.165686 0.116418