0 0.151562 0.097656 0.156250 0.195312
0 0.485156 0.075781 0.089062 0.151562
0 0.454688 0.050000 0.046875 0.100000
2 0.302025 0.072226 0.097439 0.097439
3 0.478878 0.155570 0.028370 0.042351
3 0.523438 0.240625 0.012500 0.121875
3 0.295811 0.200383 0.042524 0.058058
4 0.193750 0.404687 0.262500 0.150000
4 0.296687 0.318343 0.030351 0.114235
4 0.393750 0.331250 0.153125 0.296875
4 0.428891 0.287887 0.055797 0.190943
4 0.486719 0.325781 0.085938 0.307813
0 0.420739 0.077786 0.052062 0.086237
3 0.424963 0.157446 0.036165 0.039272
0 0.353151 0.146926 0.018977 0.039172
0 0.187500 0.239844 0.375000 0.479688