0 0.303353 0.249484 0.124292 0.148311
0 0.220695 0.089519 0.175900 0.156724
0 0.185156 0.355469 0.117188 0.110937
0 0.134458 0.142082 0.132259 0.174965
0 0.032031 0.076563 0.064062 0.153125
4 0.303735 0.183859 0.135111 0.128126
2 0.395023 0.203108 0.041080 0.078598
4 0.445312 0.161719 0.071875 0.154688
0 0.456250 0.228906 0.050000 0.151562
4 0.311328 0.355634 0.123965 0.092061
4 0.473437 0.332031 0.015625 0.092188
0 0.471094 0.060938 0.020313 0.121875
0 0.240912 0.240055 0.252671 0.193552
0 0.125000 0.320312 0.250000 0.181250
4 0.168973 0.251829 0.121040 0.126400
4 0.067969 0.342188 0.126562 0.137500
4 0.148321 0.041927 0.147339 0.081397
4 0.042969 0.221094 0.085938 0.182812