3 0.472169 0.052153 0.006265 0.023472
3 0.520723 0.000347 0.025060 0.000694
3 0.513204 0.070208 0.022055 0.025278
3 0.594337 0.005764 0.021928 0.011528
3 0.581291 0.079236 0.025188 0.025278
3 0.628462 0.043125 0.022055 0.025278
3 0.708675 0.005764 0.025060 0.011528
3 0.944719 0.068403 0.034640 0.036111
3 0.882943 0.050347 0.026754 0.025278
3 0.827978 0.079236 0.026772 0.028889
3 0.754500 0.052153 0.029887 0.025278
3 0.664322 0.075625 0.025206 0.028889
0 0.948313 0.015694 0.056386 0.031389
0 0.889578 0.010278 0.042289 0.020556
0 0.833742 0.025174 0.047261 0.050347
0 0.757229 0.012083 0.040723 0.024167
0 0.664819 0.018403 0.040723 0.036806
0 0.630361 0.009375 0.034458 0.018750
0 0.583126 0.025972 0.037827 0.046944
0 0.512658 0.023368 0.037827 0.046736
0 0.477651 0.014792 0.017229 0.029583