0 0.739844 0.853906 0.110156 0.136719
0 0.673437 0.685156 0.161719 0.139063
0 0.611719 0.946875 0.107031 0.105469
0 0.582812 0.727344 0.114844 0.161719
0 0.562500 0.241406 0.171094 0.175781
0 0.425000 0.632031 0.175781 0.153906
0 0.354688 0.952344 0.158594 0.095312
0 0.291406 0.303125 0.128906 0.129687
0 0.251562 0.607031 0.185156 0.180469
4 0.742969 0.519531 0.142969 0.120312
4 0.932031 0.521875 0.125781 0.102344
4 0.746875 0.788281 0.123438 0.114844
2 0.835938 0.817969 0.032813 0.075000
4 0.924219 0.786719 0.127344 0.139844
0 0.924219 0.853906 0.096094 0.140625
3 0.989063 0.821094 0.021875 0.045313
4 0.737500 0.960156 0.115625 0.079687
4 0.947656 0.959375 0.104687 0.080469
0 0.960156 0.681250 0.079687 0.127344
0 0.028125 0.960156 0.056250 0.079687
0 0.078125 0.609375 0.156250 0.146875
2 0.021094 0.768750 0.042187 0.100000
2 0.349219 0.764844 0.114063 0.100000
3 0.318750 0.710938 0.039844 0.026562
4 0.210156 0.795313 0.123438 0.153125
4 0.094531 0.792969 0.113281 0.172656
0 0.048437 0.302344 0.096094 0.135938
0 0.389063 0.295312 0.110156 0.139844
4 0.466406 0.296094 0.110156 0.089844
4 0.393750 0.417969 0.203906 0.154688
2 0.532813 0.412500 0.088281 0.090625
3 0.477344 0.482031 0.040625 0.035937
0 0.678906 0.836719 0.235937 0.167187
0 0.553906 0.911719 0.232813 0.176563
4 0.606250 0.840625 0.109375 0.114844
4 0.496094 0.927344 0.110937 0.145313
4 0.607031 0.628906 0.141406 0.065625
4 0.435156 0.788281 0.164844 0.163281
4 0.232031 0.382031 0.103906 0.114062
4 0.091406 0.375000 0.106250 0.137500