2 0.186719 0.416406 0.055469 0.046094
2 0.312500 0.371875 0.046875 0.049219
2 0.404687 0.342969 0.057031 0.046094
2 0.495312 0.504688 0.046094 0.051563
0 0.553125 0.326562 0.070312 0.074219
0 0.739844 0.310156 0.053906 0.074219
0 0.857813 0.338281 0.061719 0.069531
3 0.860156 0.441406 0.041406 0.053906
3 0.735937 0.410937 0.039062 0.039844
3 0.556250 0.421875 0.038281 0.046875
3 0.404687 0.445312 0.030469 0.042969
3 0.313281 0.480469 0.039844 0.048437
3 0.192969 0.526563 0.036719 0.044531
4 0.185937 0.721875 0.109375 0.300000
4 0.307813 0.664062 0.099219 0.304688
4 0.405469 0.628906 0.096875 0.294531
4 0.508594 0.761719 0.114063 0.319531