0 0.211719 0.039062 0.085937 0.057812
0 0.329688 0.010937 0.037500 0.021875
0 0.264062 0.029687 0.048437 0.026563
0 0.480469 0.013281 0.039062 0.026563
0 0.281250 0.010156 0.029688 0.018750
3 0.474219 0.032031 0.010938 0.009375
1 0.337500 0.026563 0.018750 0.014063
3 0.270312 0.051562 0.014063 0.014063
3 0.200781 0.085938 0.042188 0.028125
4 0.490625 0.068750 0.037500 0.087500
4 0.294531 0.053906 0.025000 0.037500
4 0.280469 0.089062 0.071875 0.078125
4 0.710938 0.391406 0.403125 0.554688
1 0.670313 0.100781 0.193750 0.201562