0 0.959819 0.141122 0.072171 0.052834
3 0.760197 0.013350 0.056447 0.026699
3 0.943793 0.176794 0.029218 0.022399
4 0.934818 0.245523 0.105108 0.122600
4 0.658421 0.093022 0.126579 0.186044
0 0.363208 0.653782 0.223095 0.117556
0 0.107697 0.512621 0.215395 0.088349
3 0.121780 0.617718 0.156384 0.116841
3 0.390557 0.786022 0.109852 0.061126
4 0.313750 0.905400 0.261711 0.189199
4 0.120526 0.850182 0.241053 0.299636
2 0.682703 0.693355 0.006872 0.004806
2 0.702374 0.693144 0.006892 0.007962
2 0.902595 0.705195 0.012123 0.023794
2 0.912247 0.743747 0.018945 0.020712
3 0.910347 0.713790 0.012103 0.020638
3 0.907180 0.754057 0.008602 0.007980
4 0.681982 0.714663 0.013873 0.030123
4 0.700793 0.713672 0.013853 0.026967
4 0.914161 0.776071 0.025907 0.039717
4 0.937741 0.717440 0.046562 0.060447