0 0.487687 0.095298 0.092533 0.060448
0 0.635156 0.107031 0.051562 0.073437
0 0.337937 0.140012 0.108194 0.066880
4 0.323240 0.299569 0.150973 0.168933
4 0.509640 0.242709 0.130506 0.142134
4 0.632812 0.251563 0.056250 0.140625
3 0.646094 0.165625 0.029688 0.031250
3 0.484903 0.153928 0.043941 0.033322
3 0.359358 0.196017 0.043932 0.031759
1 0.830469 0.783594 0.339063 0.235937
2 0.830469 0.502344 0.339063 0.167187
4 0.406882 0.604447 0.031441 0.033176
3 0.409090 0.580982 0.012573 0.012645
2 0.409789 0.566911 0.015698 0.012682