4 0.040873 0.300496 0.081746 0.329032
4 0.199537 0.344851 0.170238 0.337097
0 0.013360 0.504039 0.026720 0.102129
1 0.084325 0.186063 0.080820 0.084312
1 0.274339 0.179529 0.020635 0.058065
2 0.509921 0.011331 0.029233 0.022662
2 0.429960 0.165694 0.049868 0.066401
2 0.645767 0.267678 0.041270 0.029257
2 0.671561 0.531528 0.061905 0.042273
3 0.636309 0.292626 0.022355 0.017864
4 0.638889 0.355544 0.058466 0.098706
4 0.489286 0.084566 0.067064 0.114882
4 0.399868 0.233272 0.101455 0.168296
1 0.706812 0.872726 0.503836 0.254548
0 0.738624 0.659367 0.522751 0.188710
4 0.642328 0.941377 0.715344 0.117246