0 0.089841 0.676242 0.028307 0.031577
0 0.166371 0.680820 0.023574 0.023710
0 0.228008 0.694165 0.012600 0.017333
0 0.209195 0.705320 0.028307 0.031577
0 0.217938 0.679439 0.047120 0.042733
0 0.302958 0.701886 0.025155 0.026853
0 0.355302 0.701277 0.050264 0.045894
0 0.402186 0.699169 0.018868 0.020531
0 0.413900 0.699813 0.018868 0.020531
0 0.444306 0.710396 0.034566 0.033212
3 0.092316 0.653559 0.009475 0.017297
3 0.171986 0.655757 0.014144 0.014226
3 0.229866 0.643365 0.022002 0.022130
3 0.307028 0.673715 0.015716 0.015807
3 0.350092 0.656809 0.011056 0.020440
3 0.403867 0.678838 0.007876 0.011028
3 0.417144 0.679465 0.011001 0.011065
3 0.447599 0.681454 0.018850 0.017406
0 0.435848 0.687059 0.007913 0.017278
0 0.665201 0.164450 0.097457 0.101127
0 0.602301 0.233927 0.078552 0.074347
0 0.771641 0.264767 0.044005 0.044259
0 0.885200 0.215792 0.055151 0.080324
0 0.950697 0.236904 0.078652 0.091534
3 0.616654 0.183763 0.034548 0.030087
3 0.771919 0.217111 0.029851 0.028470