0 0.529687 0.719531 0.040625 0.073438
0 0.513185 0.659375 0.026817 0.021875
0 0.520725 0.635938 0.011083 0.012500
0 0.519753 0.619531 0.028452 0.028125
0 0.532525 0.575781 0.031632 0.032812
0 0.508396 0.516406 0.026872 0.026563
0 0.494615 0.473437 0.025273 0.023438
3 0.536279 0.898438 0.020440 0.010937
3 0.541838 0.839063 0.011028 0.007812
3 0.539349 0.826562 0.011065 0.010938
3 0.532754 0.796875 0.017406 0.018750
0 0.540675 0.806250 0.017278 0.007812
3 0.499396 0.750000 0.028234 0.009375
3 0.492137 0.663281 0.011047 0.009375
3 0.492454 0.623438 0.014244 0.015625
3 0.502892 0.580469 0.015861 0.020312
1 0.484959 0.516406 0.022002 0.010938
3 0.468870 0.476562 0.015825 0.017187