0 0.119362 0.109488 0.079997 0.054052
0 0.234338 0.085496 0.036065 0.022293
0 0.169398 0.102656 0.043886 0.023947
0 0.378024 0.094760 0.037636 0.023874
0 0.428219 0.060585 0.034502 0.022275
0 0.390629 0.076646 0.034484 0.019150
0 0.186690 0.084488 0.028225 0.017515
3 0.370897 0.111249 0.010992 0.009502
1 0.239711 0.101838 0.017260 0.012700
3 0.174749 0.122905 0.014144 0.014226
3 0.106607 0.153384 0.039208 0.025455
4 0.399581 0.149193 0.061401 0.080397
4 0.197383 0.126548 0.022084 0.036192
4 0.182348 0.159533 0.066043 0.072639
4 0.797656 0.019531 0.026562 0.039062
1 0.385938 0.764844 0.128125 0.226562
2 0.917969 0.683594 0.164062 0.173437
2 0.677720 0.690395 0.152481 0.159576
2 0.570194 0.642431 0.015761 0.023619
2 0.499196 0.626852 0.018877 0.022093
4 0.503483 0.695547 0.044295 0.094259
4 0.575885 0.738452 0.042869 0.117678
1 0.926562 0.917969 0.146875 0.164062
1 0.667969 0.916406 0.129688 0.167187