0 0.855469 0.642188 0.027344 0.042969
0 0.830469 0.660156 0.043750 0.053125
0 0.695312 0.732031 0.085156 0.091406
0 0.580469 0.714063 0.081250 0.078906
0 0.625781 0.628125 0.026563 0.028906
0 0.536719 0.645312 0.031250 0.032812
0 0.484375 0.639062 0.032812 0.036719
0 0.352344 0.638281 0.034375 0.035156
0 0.331250 0.618750 0.019531 0.035156
3 0.332031 0.600000 0.008594 0.012500
3 0.360156 0.612500 0.008594 0.014844
3 0.488281 0.609375 0.014844 0.017187
3 0.831250 0.617969 0.021875 0.023438
3 0.854688 0.611719 0.013281 0.013281
3 0.695312 0.653125 0.043750 0.042188
3 0.578125 0.632812 0.038281 0.042188
3 0.304688 0.597656 0.010937 0.010938
0 0.310156 0.623437 0.031250 0.037500
0 0.032031 0.671094 0.045313 0.046094