4 0.286427 0.073437 0.153907 0.134375
3 0.260156 0.003125 0.060938 0.006250
4 0.656250 0.530469 0.253125 0.239063
2 0.653906 0.070312 0.226562 0.140625
1 0.653319 0.282031 0.216970 0.231250
0 0.079687 0.699219 0.153125 0.098438
4 0.317188 0.825000 0.425000 0.350000
3 0.150781 0.696094 0.070312 0.092188
0 0.968750 0.654688 0.037500 0.009375
3 0.958760 0.663281 0.010983 0.007812
3 0.689844 0.660156 0.039062 0.020313
4 0.975781 0.703906 0.048437 0.079687
4 0.784375 0.657812 0.021875 0.015625
4 0.764063 0.682031 0.065625 0.064062