4 0.753345 0.415296 0.035256 0.022776
4 0.738401 0.523046 0.036853 0.022776
2 0.797459 0.529178 0.032118 0.033288
2 0.778870 0.420553 0.022470 0.021024
2 0.753893 0.462601 0.099621 0.113881
2 0.677088 0.521294 0.091032 0.133154
2 0.759774 0.708760 0.038543 0.040296
2 0.666708 0.694744 0.070270 0.119138
2 0.771264 0.800741 0.032136 0.036792
2 0.844013 0.918329 0.181517 0.163342
2 0.645946 0.994542 0.028747 0.010916
2 0.663514 0.980526 0.063882 0.038949
1 0.721788 0.794609 0.041709 0.035040
1 0.696253 0.844542 0.129361 0.138410
1 0.718311 0.697372 0.028896 0.028032
1 0.671499 0.429313 0.079853 0.082345
4 0.661118 0.764825 0.059091 0.052561
1 0.256384 0.786489 0.254899 0.427022
2 0.495025 0.786051 0.273096 0.427898
4 0.161671 0.686186 0.323342 0.627628
1 0.158477 0.186186 0.316953 0.372372
2 0.448710 0.186186 0.301843 0.372372
4 0.063452 0.186186 0.126904 0.372372