1 0.207813 0.182812 0.415625 0.340625
2 0.209375 0.035156 0.418750 0.070312
4 0.354688 0.310937 0.709375 0.137500
0 0.859871 0.267969 0.036219 0.048437
0 0.992969 0.204688 0.014063 0.078125
3 0.859327 0.308594 0.028289 0.028125
0 0.053125 0.426562 0.106250 0.093750
3 0.995313 0.750781 0.009375 0.026562
3 0.955107 0.718750 0.023556 0.020313
3 0.889614 0.741406 0.029833 0.025000
3 0.850546 0.740625 0.025127 0.021875
3 0.797626 0.775781 0.025136 0.023438
3 0.773162 0.733594 0.020440 0.021875
3 0.742071 0.760938 0.023565 0.021875
0 0.734040 0.723437 0.039299 0.040625
0 0.771367 0.693750 0.037727 0.039062
0 0.795023 0.731250 0.042451 0.045313
0 0.843265 0.697656 0.042424 0.040625
0 0.884658 0.695312 0.050291 0.050000
0 0.947040 0.675000 0.048728 0.050000
0 0.985156 0.693750 0.029688 0.056250