3 0.375000 0.976562 0.075000 0.046875
2 0.150000 0.969531 0.165625 0.060938
4 0.251563 0.609375 0.265625 0.118750
4 0.422656 0.760156 0.173437 0.420312
1 0.169531 0.750000 0.159375 0.245313
2 0.544531 0.746094 0.010937 0.010938
2 0.420312 0.159375 0.004687 0.004688
2 0.396094 0.167969 0.003125 0.004688
2 0.385938 0.151563 0.003125 0.004688
2 0.382031 0.145312 0.003125 0.004688
2 0.350781 0.173437 0.006250 0.004688
4 0.351562 0.157031 0.009375 0.018750
4 0.396875 0.157031 0.004687 0.012500
4 0.424219 0.148438 0.007812 0.009375
4 0.396875 0.146094 0.007812 0.010937