0 0.985156 0.657813 0.010937 0.009375
0 0.756250 0.701562 0.007812 0.007812
4 0.761719 0.680469 0.012500 0.031250
0 0.741406 0.639844 0.014063 0.015625
0 0.725781 0.642188 0.010938 0.010938
0 0.739062 0.612500 0.014063 0.015625
0 0.822656 0.608594 0.012500 0.015625
0 0.798438 0.601562 0.012500 0.014063
0 0.770313 0.610938 0.009375 0.010938
0 0.753125 0.607031 0.012500 0.012500
0 0.744531 0.703125 0.010938 0.009375
0 0.713281 0.694531 0.012500 0.012500
0 0.703125 0.701562 0.010938 0.012500
0 0.675000 0.646875 0.010938 0.012500
0 0.707031 0.643750 0.012500 0.014063
0 0.693750 0.607812 0.012500 0.015625
0 0.682031 0.600000 0.012500 0.014063
0 0.635156 0.621875 0.007812 0.015625
0 0.182813 0.476562 0.081250 0.046875
4 0.194531 0.341406 0.182812 0.231250