2 0.821875 0.421875 0.104688 0.121875
1 0.047656 0.097656 0.012500 0.026562
4 0.035937 0.138281 0.027344 0.073438
2 0.046875 0.072656 0.014844 0.016406
0 0.279688 0.164844 0.042969 0.067969
0 0.728125 0.042969 0.069531 0.085938
1 0.728906 0.096094 0.030469 0.019531
1 0.802344 0.496094 0.041406 0.053906
1 0.283594 0.235937 0.010156 0.028906
4 0.251562 0.364844 0.068750 0.243750
4 0.789062 0.192188 0.079687 0.271094
4 0.829687 0.751562 0.152344 0.425781
4 0.089063 0.294531 0.026562 0.161719
2 0.067187 0.206250 0.025781 0.029687