0 0.458594 0.475000 0.020313 0.020312
0 0.461719 0.411719 0.015625 0.010938
0 0.476562 0.426562 0.028125 0.025000
0 0.449219 0.424219 0.037500 0.043750
0 0.457812 0.335938 0.023438 0.023438
0 0.449219 0.283594 0.040625 0.045313
0 0.438281 0.239063 0.018750 0.015625
0 0.437500 0.225781 0.018750 0.017188
0 0.443750 0.194531 0.029688 0.031250
0 0.468750 0.151562 0.023438 0.023438
0 0.481250 0.110156 0.018750 0.039062
0 0.437500 0.122656 0.071875 0.065625
0 0.410937 0.060156 0.023438 0.018750
0 0.421094 0.038281 0.009375 0.010937
0 0.421875 0.021875 0.025000 0.025000
3 0.432813 0.474219 0.012500 0.012500
3 0.412500 0.419531 0.018750 0.020312
3 0.429688 0.335938 0.014063 0.014063
3 0.405469 0.296875 0.020313 0.007812
3 0.418750 0.239844 0.009375 0.007812
3 0.417188 0.226562 0.009375 0.010938
3 0.414062 0.196094 0.015625 0.017188
0 0.421094 0.207031 0.017187 0.006250
3 0.442969 0.153125 0.012500 0.012500
3 0.385938 0.147656 0.028125 0.007812
3 0.389844 0.061719 0.010937 0.009375
3 0.394531 0.024219 0.012500 0.012500