3 0.456431 0.128640 0.015725 0.017278
3 0.353906 0.103906 0.007812 0.020313
2 0.353906 0.080469 0.007812 0.017188
2 0.458870 0.112247 0.021975 0.017315
4 0.446115 0.155925 0.033022 0.036128
2 0.868867 0.276357 0.015770 0.025091
2 0.851470 0.312194 0.020440 0.021993
3 0.858669 0.283329 0.014190 0.021957
3 0.854531 0.323150 0.007867 0.009420
4 0.842699 0.342613 0.029933 0.042360
4 0.834460 0.281626 0.051944 0.065925
4 0.133323 0.224503 0.014190 0.021957
4 0.028727 0.208269 0.009457 0.014117
4 0.185626 0.231839 0.015752 0.021966
2 0.135754 0.209673 0.004733 0.007840
2 0.030339 0.199684 0.004724 0.006277
2 0.188829 0.218576 0.007867 0.009420