1 0.680261 0.857053 0.073791 0.073678
1 0.387953 0.810390 0.067383 0.080227
1 0.645075 0.518955 0.069701 0.034383
1 0.841271 0.762909 0.060692 0.062217
1 0.894701 0.989106 0.076184 0.021788
1 0.980175 0.979282 0.039651 0.041436
2 0.848123 0.865239 0.100085 0.104786
2 0.669261 0.605730 0.106531 0.101511
2 0.732606 0.528778 0.121571 0.054030
2 0.432134 0.916814 0.109565 0.083501
2 0.687075 0.956108 0.090020 0.075315
4 0.476496 0.990743 0.196135 0.018514
4 0.929115 0.771914 0.141771 0.396222
4 0.844024 0.930982 0.119932 0.138035
4 0.828242 0.618829 0.225312 0.234131
4 0.406796 0.639295 0.186409 0.275063
1 0.143017 0.395340 0.286035 0.212846
4 0.143017 0.195214 0.286035 0.390428
0 0.777182 0.092066 0.171820 0.184131