4 0.451563 0.407193 0.017187 0.034475
4 0.349219 0.400348 0.015625 0.036028
2 0.356250 0.346094 0.028125 0.014063
2 0.453125 0.381421 0.017187 0.020413
2 0.407812 0.397564 0.096875 0.091189
2 0.333594 0.474476 0.114063 0.102226
2 0.181250 0.348437 0.034375 0.018750
2 0.171094 0.454780 0.103125 0.091225
1 0.092188 0.359790 0.028125 0.040789
1 0.044531 0.415625 0.089062 0.153125
1 0.182813 0.384536 0.023438 0.026699
1 0.158594 0.551583 0.064062 0.089435
1 0.417969 0.499967 0.067188 0.097266
1 0.360156 0.603537 0.087500 0.122384
4 0.428125 0.738281 0.084375 0.401562
4 0.352344 0.837500 0.229687 0.325000
4 0.180469 0.789844 0.173437 0.420313
4 0.071094 0.716406 0.142187 0.567188
4 0.106250 0.437216 0.040625 0.075236