2 0.287313 0.992633 0.036179 0.014734
4 0.293214 0.931539 0.075800 0.116793
3 0.732878 0.730885 0.023622 0.024097
3 0.744885 0.779709 0.018914 0.022356
3 0.780030 0.761973 0.022046 0.022376
3 0.824997 0.823835 0.025188 0.024107
3 0.826968 0.752863 0.022046 0.022376
3 0.893125 0.823413 0.022046 0.022376
3 0.888840 0.754112 0.023631 0.025807
3 0.928193 0.791137 0.022055 0.024087
3 0.991024 0.841645 0.017952 0.025658
3 0.963311 0.768269 0.025215 0.029238
0 0.986325 0.882697 0.027349 0.039342
0 0.958107 0.820405 0.040969 0.046443
0 0.923713 0.832159 0.036252 0.042992
0 0.890967 0.859319 0.033092 0.037841
0 0.885954 0.800276 0.039394 0.044722
0 0.819720 0.862287 0.034658 0.037851
0 0.820917 0.793021 0.037827 0.044713
0 0.777891 0.801300 0.037809 0.041291
0 0.736485 0.819852 0.034677 0.041272
0 0.723722 0.776154 0.040978 0.048153