4 0.771875 0.185937 0.243750 0.371875
1 0.749219 0.317187 0.198438 0.384375
2 0.935156 0.293750 0.129688 0.431250
0 0.915625 0.524219 0.068750 0.029688
4 0.814844 0.634375 0.195312 0.250000
0 0.414844 0.137500 0.095312 0.075000
0 0.434375 0.452344 0.193750 0.114063
0 0.395312 0.273437 0.089062 0.079687
2 0.390625 0.028906 0.059375 0.057813
2 0.407031 0.381250 0.075000 0.057813
3 0.298437 0.016406 0.062500 0.032812
3 0.333594 0.145313 0.037500 0.040625
3 0.310156 0.285937 0.045313 0.042188
3 0.302344 0.409375 0.054688 0.043750
3 0.314062 0.475781 0.057812 0.054688
4 0.142969 0.442187 0.285938 0.056250
4 0.172656 0.306250 0.257812 0.114062
4 0.196875 0.146875 0.242188 0.125000
4 0.141406 0.019531 0.282812 0.039062