4 0.270312 0.791406 0.356250 0.417188
1 0.803906 0.741406 0.348437 0.320312
0 0.542969 0.527344 0.067188 0.107813
3 0.516935 0.492556 0.022202 0.056505
0 0.994531 0.489062 0.010937 0.021875
0 0.962692 0.512303 0.037736 0.041061
0 0.970312 0.459375 0.059375 0.071875
0 0.911593 0.432016 0.018886 0.023656
0 0.890436 0.442708 0.010992 0.009502
0 0.874802 0.444089 0.023574 0.023710
0 0.834072 0.461585 0.029842 0.026908
0 0.774011 0.444478 0.022011 0.023692
0 0.731092 0.435385 0.020440 0.022111
0 0.679503 0.439472 0.036092 0.026981
0 0.646094 0.429688 0.032812 0.037500
3 0.998438 0.464063 0.003125 0.012500
3 0.996875 0.409375 0.006250 0.028125
3 0.913274 0.411721 0.007867 0.009466
3 0.875737 0.417535 0.012573 0.012645
3 0.834245 0.431897 0.018832 0.014281
1 0.771018 0.421786 0.007931 0.020403
3 0.732019 0.410394 0.015707 0.014244
3 0.685935 0.408295 0.012591 0.015770
3 0.652418 0.394623 0.014181 0.020476