0 0.052527 0.435662 0.019016 0.028676
0 0.999069 0.563909 0.001862 0.030270
0 0.954056 0.571078 0.050133 0.046201
0 0.877128 0.586213 0.019016 0.025490
0 0.853790 0.576654 0.036303 0.038235
0 0.843418 0.555944 0.020745 0.014338
0 0.815758 0.535233 0.025931 0.025490
0 0.778590 0.551164 0.046675 0.044608
0 0.748338 0.564706 0.017287 0.020711
0 0.679189 0.543199 0.036303 0.033456
0 0.613497 0.528860 0.017287 0.017524
0 0.602261 0.535233 0.038032 0.027083
0 0.438032 0.512929 0.034574 0.103554
3 0.424202 0.606924 0.006915 0.036642
3 0.609176 0.571875 0.015559 0.017524
3 0.674867 0.575858 0.017287 0.012745
3 0.752660 0.590196 0.012101 0.012745
3 0.782048 0.594975 0.020745 0.017524
3 0.818351 0.566299 0.015559 0.014338
3 0.870213 0.596569 0.006915 0.009559
3 0.858976 0.614890 0.013830 0.012745
3 0.954056 0.624449 0.017287 0.023897