3 0.722092 0.017516 0.023839 0.032564
3 0.713653 0.061928 0.022234 0.027436
3 0.738465 0.128309 0.023812 0.027445
3 0.689649 0.145677 0.022198 0.020611
3 0.711168 0.186488 0.022225 0.025730
3 0.651519 0.243165 0.022243 0.029142
3 0.722505 0.241012 0.022225 0.025730
3 0.656684 0.323319 0.020638 0.024014
3 0.726055 0.314352 0.025390 0.027455
0 0.619964 0.323097 0.036286 0.034121
0 0.679505 0.312939 0.042836 0.044625
0 0.612844 0.239143 0.034920 0.039457
0 0.681459 0.236152 0.044404 0.042929
0 0.670937 0.186741 0.041249 0.042909
0 0.648588 0.138258 0.039662 0.041193
0 0.692671 0.120920 0.046000 0.046351
0 0.667887 0.059657 0.041267 0.046321
0 0.674734 0.019647 0.049192 0.039293