0 0.312500 0.212500 0.012500 0.050000
1 0.698438 0.430469 0.603125 0.139063
2 0.655469 0.189063 0.659375 0.309375
0 0.044531 0.548437 0.089062 0.096875
0 0.122656 0.573438 0.060938 0.062500
0 0.275781 0.525000 0.085938 0.050000
3 0.060937 0.622656 0.048437 0.053125
3 0.147656 0.626562 0.021875 0.028125
3 0.312500 0.564062 0.012500 0.031250
4 0.269531 0.728125 0.098437 0.278125
4 0.162500 0.751562 0.120313 0.204687
4 0.082031 0.810938 0.164062 0.343750
4 0.931250 0.621875 0.137500 0.243750
4 0.755469 0.623438 0.226562 0.246875
4 0.569531 0.593750 0.179688 0.187500
4 0.389844 0.644531 0.142187 0.289062
4 0.339063 0.708594 0.040625 0.417187