0 0.193401 0.341123 0.011019 0.014126
1 0.735156 0.307813 0.192188 0.143750
2 0.742188 0.131250 0.206250 0.209375
4 0.191406 0.785937 0.382812 0.428125
1 0.176883 0.552778 0.188664 0.201091
0 0.759375 0.389062 0.028125 0.018750
0 0.839415 0.396833 0.023565 0.022011
0 0.904250 0.398018 0.012600 0.017260
0 0.887500 0.388281 0.028125 0.017187
0 0.890115 0.410600 0.047120 0.042460
0 0.981539 0.406943 0.026717 0.026717
3 0.757330 0.406685 0.009475 0.017242
3 0.836917 0.423409 0.014144 0.014144
3 0.892240 0.448086 0.021993 0.020440
3 0.978246 0.435868 0.014153 0.015707