0 0.253087 0.139062 0.031450 0.034375
0 0.180481 0.130469 0.042451 0.045312
0 0.149340 0.111719 0.033031 0.037500
0 0.045447 0.109375 0.031450 0.034375
0 0.029096 0.100000 0.026744 0.031250
3 0.047591 0.143750 0.017278 0.015625
3 0.152233 0.151562 0.015698 0.012500
3 0.180998 0.175781 0.015734 0.018750
3 0.249013 0.167969 0.015707 0.014062
2 0.940625 0.289062 0.118750 0.134375
2 0.046094 0.429688 0.092188 0.040625
2 0.010156 0.450000 0.020312 0.081250
4 0.322656 0.600000 0.214063 0.306250
4 0.200036 0.464063 0.130051 0.062500
4 0.058594 0.645312 0.117188 0.278125
4 0.373437 0.678906 0.112500 0.335938
0 0.536979 0.901563 0.034666 0.050000