4 0.936108 0.904218 0.032912 0.017378
4 0.942926 0.806598 0.034466 0.015825
2 0.993750 0.811719 0.012500 0.026562
2 0.961880 0.905931 0.018850 0.017297
2 0.946509 0.862090 0.086474 0.092687
2 0.871914 0.792122 0.097511 0.109939
2 0.992188 0.644531 0.015625 0.032812
2 0.890787 0.636758 0.088073 0.098947
1 0.981250 0.561719 0.037500 0.026562
1 0.927344 0.514063 0.145313 0.090625
1 0.957130 0.648082 0.025136 0.023583
1 0.798672 0.623722 0.086292 0.061437
1 0.847227 0.872450 0.092560 0.064599
1 0.749898 0.815632 0.117669 0.083494
4 0.621094 0.898438 0.379688 0.121875
4 0.555469 0.803906 0.248438 0.223438
4 0.601562 0.640625 0.340625 0.168750
4 0.671094 0.537500 0.479688 0.137500
4 0.907557 0.574354 0.070540 0.039472
1 0.089844 0.886719 0.179688 0.226562
2 0.332812 0.870313 0.196875 0.259375