2 0.913357 0.738281 0.032922 0.018750
4 0.304688 0.971094 0.212500 0.057813
4 0.353906 0.744531 0.114063 0.189063
0 0.359375 0.859375 0.103125 0.062500
2 0.139844 0.976562 0.076563 0.046875
3 0.188171 0.965625 0.039253 0.032812
0 0.712004 0.510156 0.006305 0.009375
3 0.128526 0.211719 0.007913 0.017187
2 0.315591 0.271094 0.012582 0.014063
2 0.342180 0.275781 0.011010 0.012500
2 0.110680 0.232813 0.015743 0.020313
2 0.123902 0.222656 0.012600 0.017187
3 0.317866 0.259375 0.007876 0.010937
3 0.344429 0.259375 0.007858 0.007812
4 0.128236 0.161719 0.028579 0.078125
4 0.117325 0.166406 0.020722 0.070312
4 0.108800 0.178125 0.022339 0.079687
2 0.116072 0.219531 0.009466 0.015625