0 0.006250 0.860938 0.012500 0.021875
0 0.016903 0.861235 0.020431 0.020431
0 0.048866 0.873140 0.036137 0.034584
0 0.087733 0.906961 0.026717 0.026717
0 0.125046 0.939210 0.044023 0.047130
0 0.122262 0.880598 0.077035 0.081695
0 0.191108 0.864592 0.023592 0.026699
0 0.212115 0.879558 0.012564 0.011010
0 0.227722 0.882774 0.028289 0.028289
0 0.267416 0.908787 0.034566 0.033012
0 0.332296 0.902915 0.026717 0.026717
0 0.379180 0.901625 0.023592 0.026699
0 0.432232 0.914434 0.040816 0.033049
0 0.470536 0.910750 0.044004 0.044005
3 0.006097 0.838515 0.007876 0.010983
3 0.020150 0.840159 0.011001 0.011001
3 0.051387 0.842684 0.020422 0.018868
0 0.039636 0.848085 0.007912 0.017233
3 0.090231 0.880412 0.015707 0.014153
3 0.106965 0.824257 0.011110 0.029751
3 0.193574 0.843512 0.009439 0.010992
3 0.231787 0.855453 0.015707 0.014153
3 0.272285 0.877565 0.020412 0.017306
1 0.340249 0.878741 0.011065 0.021939
3 0.383241 0.875085 0.017278 0.015725
3 0.430861 0.881612 0.015734 0.018841
3 0.468415 0.872455 0.017315 0.021975
4 0.654688 0.657812 0.250000 0.415625
1 0.764844 0.372656 0.470312 0.154688
4 0.764844 0.208594 0.470312 0.417187