4 0.049077 0.992717 0.098153 0.014567
0 0.762030 0.844093 0.133395 0.115069
0 0.427389 0.965915 0.126196 0.068169
4 0.428298 0.744029 0.132058 0.261024
4 0.781596 0.657021 0.234960 0.165486
0 0.371702 0.919751 0.018865 0.039239
3 0.770505 0.762148 0.081245 0.055060
3 0.423799 0.887851 0.077775 0.051628
4 0.720040 0.353880 0.101468 0.171179
4 0.811584 0.120118 0.124681 0.240235
3 0.707936 0.418784 0.029694 0.046232
3 0.790207 0.267313 0.019364 0.042760
2 0.822873 0.347314 0.081864 0.107947
2 0.715614 0.488692 0.048740 0.061695