0 0.030494 0.079013 0.029978 0.050173
4 0.022656 0.110937 0.045313 0.059375
1 0.764844 0.564062 0.085938 0.028125
1 0.750680 0.720856 0.075436 0.075436
1 0.461472 0.744174 0.069232 0.083212
1 0.901651 0.823300 0.062873 0.064426
1 0.965625 0.585156 0.068750 0.070312
2 0.915505 0.724940 0.102181 0.106841
2 0.724219 0.955469 0.107812 0.089062
2 0.512054 0.644465 0.109884 0.088136
2 0.763734 0.625616 0.089517 0.078643
4 0.954688 0.813281 0.090625 0.373438
4 0.915101 0.660092 0.124265 0.142906
4 0.875781 0.921875 0.242188 0.156250
4 0.479688 0.888281 0.178125 0.223438
1 0.083594 0.749219 0.167187 0.398438
4 0.195312 0.820312 0.390625 0.359375