0 0.869531 0.042188 0.151562 0.084375
3 0.880643 0.152355 0.056614 0.062827
4 0.114491 0.875916 0.015807 0.031341
4 0.209013 0.873804 0.014253 0.032894
2 0.205565 0.818353 0.025155 0.026708
2 0.114350 0.851697 0.015734 0.018841
2 0.155852 0.867863 0.087973 0.081759
2 0.219574 0.943276 0.103661 0.092788
2 0.365776 0.826796 0.031441 0.032994
2 0.368738 0.933033 0.092669 0.083349
2 0.442202 0.802913 0.028280 0.026726
2 0.489062 0.714063 0.040625 0.153125
1 0.444823 0.850556 0.025209 0.036083
1 0.477344 0.892187 0.064062 0.162500
1 0.361329 0.868230 0.020458 0.025118
1 0.374219 0.989844 0.057813 0.020313
1 0.140625 0.958594 0.059375 0.082813
4 0.429598 0.919397 0.036328 0.067397
0 0.995313 0.763281 0.009375 0.017187
0 0.861312 0.709186 0.009448 0.012555