4 0.747761 0.830086 0.033013 0.017378
4 0.744281 0.732416 0.034557 0.015825
2 0.802893 0.734319 0.028434 0.026726
2 0.772743 0.828669 0.020512 0.017306
2 0.753520 0.787935 0.088591 0.094259
2 0.673096 0.724190 0.099728 0.111510
2 0.784560 0.568599 0.036319 0.033022
2 0.674403 0.567958 0.090226 0.100518
2 0.805489 0.487476 0.028470 0.029851
2 0.892969 0.393750 0.164063 0.128125
1 0.757052 0.487194 0.039390 0.028352
1 0.708804 0.436136 0.169986 0.107232
1 0.742445 0.574603 0.026817 0.022030
1 0.582952 0.563520 0.086665 0.063000
1 0.656854 0.805340 0.092933 0.064599
1 0.553974 0.758651 0.118169 0.085057
4 0.493750 0.850781 0.265625 0.126562
4 0.423437 0.770312 0.125000 0.228125
4 0.460937 0.601562 0.200000 0.175000
4 0.521094 0.450000 0.320313 0.240625
4 0.685395 0.505526 0.072330 0.039481