0 0.696875 0.168829 0.046875 0.050545
0 0.725000 0.145845 0.037500 0.042624
0 0.831250 0.130546 0.035937 0.039481
0 0.847656 0.119418 0.029688 0.033158
0 0.903125 0.118773 0.053125 0.053743
0 0.976562 0.122606 0.021875 0.028380
0 0.988281 0.108594 0.023438 0.042188
0 0.996094 0.087500 0.007812 0.018750
3 0.984375 0.131890 0.006250 0.009448
3 0.995313 0.147656 0.009375 0.014062
3 0.910156 0.171035 0.020313 0.026799
3 0.832813 0.166466 0.018750 0.017406
3 0.727344 0.186443 0.015625 0.014244
3 0.700000 0.215667 0.018750 0.020531
3 0.831250 0.610156 0.228125 0.101562
4 0.820312 0.669531 0.359375 0.220312
3 0.936719 0.949219 0.126562 0.101562
2 0.912500 0.789844 0.175000 0.148438
4 0.141406 0.617183 0.015625 0.025182
2 0.136719 0.595362 0.012500 0.012645