0 0.006250 0.103906 0.012500 0.101562
0 0.399219 0.841406 0.039062 0.104687
0 0.309375 0.845787 0.093750 0.092733
0 0.345313 0.939746 0.031250 0.032994
0 0.254687 0.910313 0.037500 0.037718
0 0.201562 0.910004 0.037500 0.040843
0 0.064844 0.893583 0.039062 0.040852
0 0.040625 0.910630 0.025000 0.037645
3 0.039062 0.929371 0.010937 0.014126
3 0.069531 0.920954 0.010937 0.017251
3 0.200781 0.941249 0.017188 0.018850
3 0.406250 0.922656 0.025000 0.048437
3 0.296094 0.928523 0.045313 0.048701
3 0.010938 0.928426 0.012500 0.012573
0 0.019531 0.902695 0.035938 0.042397
2 0.459375 0.636084 0.004687 0.009402
4 0.457812 0.657169 0.010938 0.023501