1 0.546875 0.009375 0.037500 0.018750
1 0.613281 0.009375 0.014063 0.018750
1 0.200781 0.008594 0.020313 0.017188
4 0.204687 0.064062 0.056250 0.128125
4 0.566607 0.075000 0.072657 0.134375
4 0.416406 0.101562 0.095312 0.203125
4 0.304688 0.111719 0.118750 0.223438
4 0.119531 0.142969 0.117188 0.285937
1 0.732031 0.646875 0.223437 0.168750
4 0.775000 0.894531 0.309375 0.210938
2 0.739844 0.451563 0.239062 0.103125
1 0.285926 0.738281 0.457632 0.237500
2 0.315613 0.469531 0.458403 0.101562
4 0.310156 0.918750 0.620312 0.162500