4 0.267023 0.768966 0.383794 0.462069
3 0.126570 0.893103 0.253141 0.213793
3 0.784736 0.996552 0.024497 0.006897
3 0.744046 0.977202 0.023111 0.022554
3 0.772275 0.945481 0.023149 0.026002
3 0.729091 0.879703 0.024821 0.029461
3 0.794636 0.899932 0.023168 0.027727
3 0.751166 0.808291 0.023130 0.024278
3 0.813512 0.834535 0.026454 0.029471
3 0.792508 0.780961 0.024783 0.026012
3 0.768693 0.694614 0.026435 0.027747
3 0.841080 0.542241 0.026131 0.008621
3 0.856523 0.588264 0.029739 0.031215
3 0.821353 0.657009 0.026511 0.034643
3 0.824839 0.750989 0.028087 0.029481
0 0.811449 0.573333 0.052888 0.057218
0 0.779593 0.646408 0.046261 0.048557
0 0.729412 0.686614 0.041266 0.039906
0 0.774913 0.740338 0.046261 0.048557
0 0.754033 0.772105 0.044552 0.041650
0 0.717582 0.798603 0.037981 0.038162
0 0.770119 0.823924 0.044609 0.046823
0 0.692268 0.872580 0.038000 0.039886
0 0.756180 0.892799 0.046223 0.045108
0 0.736241 0.935777 0.042937 0.043364
0 0.704812 0.973513 0.041285 0.041630
0 0.740641 0.988793 0.047362 0.022414
3 0.846763 0.306112 0.180486 0.225231
0 0.586307 0.235345 0.254774 0.470690
4 0.934422 0.312931 0.131156 0.450000