1 0.030591 0.547656 0.041461 0.071875
1 0.071349 0.939062 0.055415 0.062500
1 0.174450 0.538281 0.063409 0.078125
1 0.349105 0.567969 0.066407 0.067187
1 0.408052 0.739062 0.056886 0.054688
1 0.159541 0.745313 0.071112 0.068750
1 0.152818 0.853125 0.082177 0.079688
2 0.128125 0.987500 0.100000 0.025000
2 0.010937 0.927344 0.021875 0.070312
2 0.056025 0.846094 0.063464 0.082812
2 0.070533 0.740625 0.060339 0.082812
2 0.310532 0.727344 0.096349 0.089063
2 0.253911 0.557813 0.068133 0.081250
2 0.081382 0.546875 0.080815 0.096875
4 0.107217 0.609375 0.152253 0.059375
4 0.011719 0.575000 0.023438 0.146875
4 0.028125 0.735938 0.056250 0.137500
4 0.169751 0.942187 0.152799 0.106250
4 0.370313 0.968750 0.259375 0.062500
4 0.344531 0.870313 0.310938 0.206250
4 0.249776 0.711719 0.129361 0.106250
1 0.793383 0.739844 0.285231 0.207812
2 0.565625 0.672656 0.131250 0.179688
4 0.866821 0.178906 0.209831 0.173437
0 0.713387 0.205469 0.064118 0.139063
3 0.751059 0.257812 0.036374 0.037500
2 0.530469 0.360937 0.060938 0.059375