0 0.166950 0.069914 0.026744 0.031405
0 0.242677 0.079729 0.021993 0.020440
0 0.305181 0.079312 0.011028 0.015689
0 0.290419 0.065163 0.026744 0.031405
0 0.292604 0.092520 0.045540 0.039326
0 0.379355 0.087556 0.025145 0.025145
0 0.422656 0.097656 0.032812 0.042187
3 0.164484 0.090994 0.007912 0.017233
3 0.241746 0.105506 0.014144 0.014144
3 0.295520 0.128476 0.020422 0.018868
3 0.378414 0.114895 0.014144 0.014144
3 0.416550 0.140118 0.007931 0.020358
1 0.092969 0.734375 0.185937 0.346875
4 0.164844 0.922656 0.329688 0.154688