4 0.825770 0.878985 0.006450 0.017260
0 0.409375 0.771875 0.043750 0.046875
0 0.340213 0.758598 0.019041 0.025218
0 0.320782 0.766965 0.034811 0.037900
0 0.312425 0.787177 0.020494 0.015861
0 0.288460 0.808771 0.025291 0.025291
0 0.253140 0.794299 0.044277 0.045822
0 0.226423 0.780709 0.017424 0.020512
0 0.165750 0.802656 0.033194 0.033194
0 0.107356 0.819162 0.015843 0.018932
0 0.097908 0.812803 0.036265 0.028543
3 0.102177 0.776920 0.015825 0.017369
3 0.159926 0.772124 0.015789 0.014244
3 0.228476 0.755736 0.011083 0.012627
3 0.254203 0.751348 0.020512 0.017424
3 0.288097 0.777521 0.014226 0.014226
3 0.333055 0.747579 0.006359 0.009448
3 0.322698 0.730273 0.014208 0.012664
3 0.407709 0.718764 0.017460 0.023637