2 0.277282 0.994020 0.037734 0.011961
2 0.292361 0.888646 0.111394 0.109025
2 0.010349 0.877688 0.020698 0.045430
2 0.025536 0.903573 0.042899 0.070157
1 0.198299 0.967564 0.032909 0.045633
1 0.152733 0.904807 0.130186 0.190385
1 0.288318 0.962886 0.026275 0.031614
1 0.301560 0.787353 0.074037 0.101802
4 0.190274 0.806922 0.380549 0.169489
4 0.227476 0.892608 0.049515 0.082429
3 0.017643 0.396304 0.035287 0.061156
3 0.175916 0.444881 0.059014 0.061522
3 0.341394 0.507952 0.052493 0.057987
2 0.357045 0.619960 0.105362 0.103091
2 0.159489 0.540013 0.070380 0.063340
2 0.016022 0.504637 0.032045 0.082124
4 0.080860 0.194220 0.161721 0.388441
4 0.215235 0.256405 0.177138 0.343561
4 0.369202 0.283602 0.081047 0.440323