4 0.694670 0.432031 0.234558 0.150000
4 0.967969 0.047656 0.064062 0.095312
4 0.954687 0.235156 0.090625 0.270312
4 0.883271 0.203125 0.069368 0.053125
4 0.872656 0.341406 0.254688 0.192188
0 0.679864 0.361719 0.070731 0.035938
0 0.735541 0.343750 0.044295 0.046875
0 0.711723 0.309375 0.045622 0.026562
0 0.632199 0.228125 0.087337 0.120312
0 0.734943 0.193750 0.071312 0.085938
0 0.793101 0.164062 0.059975 0.051563
0 0.779984 0.082812 0.115535 0.126562
0 0.845312 0.010938 0.068750 0.021875
3 0.917969 0.013281 0.042187 0.026562
3 0.900541 0.128906 0.053980 0.073437
3 0.845917 0.190625 0.025364 0.031250
3 0.812059 0.213281 0.033267 0.039062
3 0.733353 0.263281 0.063318 0.070312