0 0.055196 0.483579 0.103301 0.050536
0 0.017651 0.401176 0.033799 0.040506
0 0.115778 0.436524 0.041801 0.045836
0 0.174589 0.436646 0.043446 0.051084
0 0.323415 0.456532 0.045017 0.049361
0 0.348630 0.436168 0.027498 0.045653
3 0.351568 0.413473 0.012899 0.017588
3 0.318296 0.423483 0.011328 0.019311
3 0.174201 0.400050 0.019311 0.022898
3 0.071039 0.414438 0.049895 0.059878
3 0.382577 0.414820 0.014470 0.015866
0 0.372570 0.445448 0.040267 0.051043
0 0.807808 0.049823 0.016059 0.015886
3 0.808427 0.033258 0.009665 0.012320
4 0.812215 0.017546 0.022656 0.035092