2 0.128125 0.169366 0.159375 0.166552
2 0.227344 0.098476 0.017188 0.025100
2 0.296875 0.066821 0.018750 0.023547
4 0.305469 0.137084 0.046875 0.098710
4 0.240625 0.196836 0.046875 0.122148
1 0.183594 0.403906 0.135938 0.192187
4 0.050000 0.646875 0.100000 0.293750
1 0.648438 0.992969 0.053125 0.014063
3 0.553125 0.761719 0.028125 0.051563
1 0.693750 0.521094 0.071875 0.042187
1 0.950781 0.509375 0.079687 0.018750
1 0.978125 0.655469 0.043750 0.067188
1 0.728906 0.763594 0.062500 0.075364
2 0.566406 0.666406 0.054688 0.092188
2 0.580469 0.975781 0.082813 0.048437
2 0.621094 0.918127 0.054688 0.055006
2 0.746875 0.655677 0.103125 0.077163
2 0.966406 0.562500 0.067188 0.068750
4 0.741406 0.544531 0.179688 0.089062
4 0.797656 0.892969 0.167187 0.214062
4 0.600000 0.882812 0.121875 0.234375