4 0.499219 0.784375 0.198437 0.153125
4 0.846094 0.603906 0.307812 0.273437
4 0.667117 0.564577 0.067497 0.053907
4 0.703064 0.700923 0.341752 0.197714
0 0.468785 0.714602 0.068959 0.036738
0 0.523377 0.698832 0.044023 0.047384
0 0.499739 0.664185 0.045458 0.025527
0 0.432031 0.583594 0.064062 0.120313
0 0.522522 0.551957 0.069241 0.085175
0 0.578609 0.524487 0.059675 0.052253
0 0.564844 0.479687 0.114063 0.059375
3 0.683887 0.492902 0.053543 0.072493
3 0.631107 0.551658 0.025173 0.029978
3 0.598417 0.572370 0.033031 0.037882
3 0.519788 0.619108 0.062909 0.071040