1 0.144151 0.557138 0.104198 0.092787
1 0.163281 0.985938 0.076563 0.028125
1 0.457812 0.966406 0.068750 0.067188
1 0.202346 0.656806 0.071167 0.073847
1 0.017188 0.913281 0.034375 0.064063
2 0.178564 0.761639 0.109012 0.103752
2 0.115700 0.663561 0.124565 0.097593
4 0.068750 0.692969 0.137500 0.392188
4 0.133594 0.507031 0.220312 0.051563
4 0.245312 0.568750 0.128125 0.175000
4 0.440946 0.749956 0.196569 0.377681
4 0.548437 0.669531 0.021875 0.089063
2 0.374157 0.583146 0.093078 0.077099
3 0.941327 0.550384 0.083776 0.083294
2 0.912150 0.728691 0.126382 0.119477
4 0.247656 0.123438 0.448438 0.246875
1 0.177313 0.327219 0.239137 0.276373