1 0.232941 0.215030 0.209231 0.246168
4 0.218750 0.337500 0.437500 0.203125
0 0.324180 0.930771 0.095885 0.099547
0 0.370565 0.845851 0.078543 0.072784
0 0.191699 0.854964 0.043995 0.042697
0 0.089787 0.930373 0.052035 0.081850
0 0.028125 0.924219 0.056250 0.089062
3 0.367753 0.899793 0.032976 0.028507
3 0.203695 0.902484 0.028289 0.028452
0 0.859268 0.638892 0.031432 0.031614
0 0.570319 0.661787 0.045567 0.044277
3 0.542188 0.687500 0.006250 0.018750
3 0.566658 0.704020 0.020431 0.020549
1 0.858678 0.671714 0.021993 0.020567