0 0.698611 0.472895 0.103099 0.067985
0 0.902989 0.428125 0.079025 0.067985
0 0.780729 0.520153 0.045218 0.049745
0 0.993765 0.198469 0.012469 0.102806
3 0.925668 0.465434 0.032258 0.028189
3 0.773713 0.556633 0.029057 0.029847
3 0.701999 0.504401 0.056388 0.038138
4 0.762840 0.580676 0.077037 0.024872
4 0.942407 0.527615 0.115185 0.130995
2 0.032346 0.027105 0.064691 0.054209
2 0.141728 0.020472 0.118765 0.040944
4 0.120617 0.250702 0.241235 0.396301
4 0.195271 0.133801 0.171225 0.195663
1 0.208889 0.833865 0.417778 0.332270
4 0.235370 0.948278 0.470741 0.103444