0 0.710676 0.323225 0.010992 0.009439
0 0.493775 0.275270 0.007858 0.007858
4 0.499121 0.296332 0.012673 0.029760
0 0.478595 0.333169 0.014144 0.014144
0 0.463764 0.330912 0.009439 0.010992
0 0.475315 0.359750 0.012582 0.014135
0 0.554185 0.365541 0.011019 0.014126
0 0.530716 0.371146 0.011010 0.012564
0 0.504208 0.361925 0.009439 0.010992
0 0.487783 0.365146 0.011010 0.012564
0 0.483627 0.273767 0.009430 0.009430
0 0.453899 0.280971 0.011001 0.011001
0 0.444565 0.273994 0.009439 0.010992
0 0.445028 0.328677 0.012573 0.012573
0 0.435156 0.361719 0.007812 0.014063
4 0.071610 0.043544 0.025291 0.050145