1 0.932812 0.796875 0.034375 0.040625
1 0.835938 0.807031 0.036719 0.043750
1 0.711719 0.758594 0.036719 0.036719
1 0.780469 0.750781 0.021094 0.021094
1 0.561719 0.846875 0.039062 0.057813
1 0.446875 0.818750 0.042187 0.069531
1 0.287500 0.803125 0.053125 0.066406
1 0.043750 0.880469 0.050000 0.084375
1 0.375000 0.750781 0.020313 0.017969
1 0.406250 0.768750 0.018750 0.011719
2 0.404688 0.796875 0.023438 0.018750
2 0.371875 0.799219 0.029688 0.029687
4 0.378125 0.697656 0.053125 0.127344
4 0.091406 0.642188 0.121094 0.369531
2 0.058594 0.961719 0.077344 0.074219
2 0.939062 0.842969 0.041406 0.032031
2 0.847656 0.857812 0.042969 0.028906
4 0.935938 0.668750 0.075781 0.188281
4 0.842969 0.683594 0.091406 0.206250
4 0.731250 0.685937 0.070312 0.129687
4 0.584375 0.685156 0.091406 0.248437
4 0.475000 0.662500 0.114063 0.239062
4 0.295313 0.621094 0.112500 0.278906