4 0.236868 0.473752 0.077650 0.024125
0 0.717171 0.939176 0.090360 0.085769
0 0.726860 0.796306 0.044253 0.035394
0 0.839116 0.732701 0.070717 0.042334
3 0.774431 0.795166 0.024794 0.021882
3 0.798242 0.933417 0.035374 0.023661
4 0.940612 0.733001 0.118777 0.057856
4 0.834307 0.798318 0.113075 0.056097
4 0.902575 0.969949 0.194851 0.060102
3 0.872503 0.746368 0.015936 0.013473
2 0.449323 0.044373 0.042276 0.088747
4 0.583198 0.344757 0.310027 0.166240
4 0.657875 0.196603 0.375655 0.363180
4 0.582317 0.048529 0.188482 0.097059