0 0.191770 0.552065 0.035396 0.042830
0 0.105693 0.532044 0.038614 0.046555
0 0.018255 0.509224 0.036510 0.044714
0 0.238428 0.590340 0.038614 0.044703
0 0.462067 0.615912 0.037005 0.044692
0 0.415408 0.577637 0.033787 0.042819
0 0.137067 0.581328 0.040223 0.050269
0 0.372772 0.610684 0.037005 0.046544
0 0.279455 0.580430 0.033787 0.044671
0 0.063861 0.582690 0.041832 0.044724
0 0.318069 0.568651 0.033787 0.044671
0 0.507116 0.679177 0.051485 0.100345
0 0.328527 0.617796 0.038614 0.052110
0 0.004579 0.553490 0.009158 0.053704
3 0.012376 0.549938 0.024134 0.026088
3 0.062252 0.624346 0.020916 0.020510
3 0.100866 0.573679 0.027351 0.024257
3 0.131436 0.628513 0.028960 0.026120
3 0.185334 0.593689 0.024134 0.024236
3 0.231188 0.635662 0.030569 0.026131
3 0.274629 0.620212 0.024134 0.024236
3 0.310829 0.604714 0.020916 0.024214
3 0.319678 0.664033 0.027351 0.029813
3 0.369554 0.647700 0.022525 0.027929
3 0.408168 0.617403 0.024134 0.026088
3 0.412191 0.687800 0.024134 0.026088
3 0.454827 0.663086 0.025743 0.026098
3 0.487809 0.655899 0.017698 0.020489
3 0.501485 0.705991 0.022525 0.026077
3 0.546535 0.697033 0.022525 0.024225
3 0.585148 0.692662 0.028960 0.027972
0 0.592389 0.641785 0.040223 0.046566
0 0.550557 0.648912 0.040223 0.044714
0 0.508725 0.655113 0.040223 0.044714
0 0.495050 0.613355 0.033787 0.039115
0 0.417017 0.641536 0.040223 0.046566