0 0.600000 0.082031 0.159375 0.164062
3 0.595906 0.243736 0.108403 0.102817
2 0.140625 0.469531 0.131250 0.060938
2 0.240268 0.380019 0.136465 0.092207
2 0.478906 0.246094 0.082813 0.139063
2 0.101639 0.038687 0.040770 0.025473
3 0.101480 0.066030 0.025109 0.019041
3 0.271875 0.017969 0.040625 0.035937
3 0.247656 0.482812 0.073437 0.034375
4 0.036719 0.357031 0.073437 0.151563
4 0.281250 0.466406 0.150000 0.067187
4 0.449219 0.093750 0.142187 0.187500
4 0.286268 0.127157 0.134049 0.214045
4 0.115279 0.111179 0.080106 0.072802