1 0.383594 0.671875 0.232813 0.437500
4 0.327344 0.874219 0.345312 0.251562
1 0.551391 0.941875 0.102099 0.093369
1 0.800781 0.979688 0.092188 0.040625
1 0.977344 0.732813 0.045313 0.059375
3 0.990625 0.457812 0.018750 0.056250
1 0.545338 0.505256 0.075436 0.075873
1 0.829600 0.521478 0.069223 0.082050
1 0.601183 0.842864 0.070731 0.072693
2 0.572858 0.743201 0.108413 0.104380
2 0.539062 0.841406 0.078125 0.098438
2 0.975000 0.632812 0.050000 0.059375
2 0.779688 0.443750 0.109375 0.050000
2 0.537500 0.435156 0.075000 0.032812
4 0.647656 0.919531 0.132812 0.160938
4 0.826001 0.737130 0.205261 0.369551
4 0.959375 0.602344 0.081250 0.270312
4 0.961719 0.804688 0.076563 0.090625
4 0.975781 0.896094 0.048437 0.207813
2 0.770359 0.901829 0.092642 0.079198