0 0.324160 0.347087 0.029393 0.029976
0 0.237661 0.346299 0.033592 0.032342
0 0.147804 0.343143 0.035271 0.030765
0 0.374548 0.369175 0.031912 0.030765
0 0.595413 0.353398 0.031912 0.030765
0 0.544186 0.329733 0.028553 0.030765
0 0.814599 0.331311 0.038631 0.033131
0 0.275452 0.379430 0.034432 0.035498
0 0.508075 0.363653 0.030233 0.032342
0 0.413178 0.355765 0.027713 0.031553
0 0.204910 0.392840 0.036111 0.030765
0 0.448450 0.339988 0.028553 0.031553
0 0.647481 0.395995 0.036111 0.075728
0 0.466085 0.376274 0.031912 0.037075
0 0.879264 0.369175 0.048708 0.044964
0 0.124289 0.383374 0.041990 0.034709
3 0.131008 0.422816 0.022674 0.014199
3 0.150323 0.375485 0.020155 0.018143
3 0.209948 0.425971 0.018475 0.013410
3 0.239341 0.378641 0.023514 0.015777
3 0.277132 0.418083 0.025194 0.017354
3 0.324160 0.381796 0.020995 0.015777
3 0.374548 0.406250 0.027713 0.016566
3 0.414018 0.387318 0.020995 0.015777
3 0.446770 0.369175 0.018475 0.016566
3 0.464406 0.414927 0.023514 0.019721
3 0.509754 0.393629 0.019315 0.019721
3 0.543346 0.362864 0.020995 0.018143
3 0.557623 0.418083 0.021835 0.018143
3 0.595413 0.391262 0.022674 0.018143
3 0.626486 0.380218 0.015956 0.013410
3 0.646641 0.418083 0.019315 0.017354
3 0.688630 0.403095 0.019315 0.016566
3 0.725581 0.393629 0.026034 0.018143
3 0.784367 0.430704 0.017636 0.014199
3 0.814599 0.369175 0.026034 0.022087
3 0.875065 0.404672 0.025194 0.021299
0 0.791925 0.393629 0.042830 0.043386
0 0.725581 0.351820 0.034432 0.030765
0 0.686111 0.364442 0.034432 0.029976
0 0.646641 0.376274 0.034432 0.030765
0 0.626486 0.345510 0.029393 0.027609
0 0.555103 0.381007 0.033592 0.032342