4 0.831361 0.775409 0.337277 0.449183
3 0.408842 0.655886 0.028117 0.030284
3 0.378244 0.607371 0.023155 0.026711
3 0.345165 0.641229 0.026463 0.026732
3 0.276527 0.591179 0.031425 0.028534
3 0.297201 0.668980 0.028117 0.028513
3 0.200445 0.619106 0.026463 0.026732
3 0.227735 0.692437 0.029771 0.030294
3 0.172328 0.668872 0.028117 0.030284
3 0.082188 0.641981 0.029771 0.032066
3 0.042494 0.704218 0.034733 0.030325
3 0.140076 0.707152 0.031425 0.033847
0 0.031743 0.655579 0.051272 0.055224
0 0.073919 0.595098 0.043003 0.048088
0 0.129326 0.648772 0.051272 0.055224
0 0.163232 0.622880 0.043003 0.051630
0 0.191349 0.579312 0.039695 0.044525
0 0.216985 0.641142 0.047964 0.053432
0 0.269084 0.554360 0.043003 0.028338
0 0.290585 0.622086 0.047964 0.055204
0 0.334415 0.597903 0.046310 0.051651
0 0.374936 0.562330 0.043003 0.044278
0 0.403053 0.602789 0.049618 0.056985
0 0.437786 0.561444 0.013232 0.042507