1 0.181250 0.007031 0.053125 0.014062
1 0.194481 0.116003 0.064399 0.058185
1 0.257813 0.266406 0.021875 0.067187
1 0.015625 0.457812 0.031250 0.059375
1 0.018750 0.209375 0.037500 0.071875
1 0.111182 0.200079 0.081732 0.083285
2 0.247656 0.169531 0.042188 0.095313
2 0.180078 0.040308 0.072202 0.056668
2 0.100808 0.103267 0.084757 0.066116
2 0.018750 0.120312 0.037500 0.062500
2 0.017969 0.360156 0.035937 0.098437
4 0.029687 0.053906 0.059375 0.107813
4 0.200158 0.214404 0.111837 0.155333
4 0.232031 0.426562 0.073438 0.287500
4 0.134110 0.421813 0.220932 0.376273
4 0.013281 0.300000 0.026563 0.131250
4 0.069531 0.550781 0.139062 0.135937
2 0.911208 0.346813 0.011010 0.012564
4 0.225871 0.830134 0.009484 0.018805
4 0.225058 0.835608 0.020603 0.050118
1 0.504687 0.797656 0.437500 0.357813