2 0.649219 0.465625 0.017187 0.006250
4 0.217187 0.839293 0.029687 0.053470
2 0.228906 0.789157 0.014062 0.015789
0 0.820312 0.678501 0.081250 0.058758
0 0.573438 0.643093 0.095312 0.065172
0 0.935156 0.684196 0.035938 0.025418
0 0.870313 0.684170 0.045313 0.027090
0 0.890625 0.670652 0.028125 0.019077
1 0.935938 0.701375 0.017187 0.014262
3 0.869531 0.705272 0.014063 0.014226
3 0.796875 0.716274 0.039062 0.027017
3 0.565625 0.682246 0.040625 0.025473
4 0.889844 0.713630 0.025000 0.036228
4 0.867969 0.741228 0.068750 0.075800