1 0.589844 0.013281 0.070312 0.026563
1 0.864844 0.101465 0.067187 0.067969
1 0.620313 0.137904 0.075000 0.063373
1 0.616406 0.304356 0.065625 0.064826
1 0.882031 0.346577 0.059375 0.072566
2 0.855469 0.022656 0.076562 0.045313
2 0.843750 0.250929 0.096875 0.074565
2 0.612500 0.214557 0.079687 0.068115
2 0.597656 0.052230 0.093750 0.080778
4 0.945312 0.029687 0.109375 0.059375
4 0.809375 0.095312 0.171875 0.190625
4 0.543750 0.086451 0.062500 0.144477
4 0.507031 0.235156 0.032812 0.126563
1 0.337500 0.310937 0.203125 0.215625
2 0.334375 0.046875 0.206250 0.093750