1 0.869168 0.089799 0.024353 0.031753
1 0.735174 0.091667 0.027419 0.041092
1 0.868238 0.301796 0.032258 0.020546
2 0.995185 0.145833 0.009630 0.018678
2 0.920748 0.083261 0.042245 0.061638
2 0.792494 0.077658 0.069862 0.100862
2 0.927109 0.288721 0.059677 0.046695
4 0.800496 0.300862 0.135484 0.022414
4 0.988227 0.271911 0.023545 0.031753
4 0.963040 0.154239 0.035662 0.035488
4 0.815351 0.132759 0.114957 0.087787
4 0.825896 0.008477 0.087425 0.016954
1 0.148077 0.156034 0.275806 0.312069
2 0.485174 0.156034 0.279032 0.312069
4 0.092184 0.156034 0.184367 0.312069
0 0.702109 0.686566 0.038710 0.113937
1 0.618714 0.707112 0.087547 0.089655