1 0.178989 0.369029 0.304255 0.126247
0 0.165559 0.188189 0.331117 0.238845
3 0.439162 0.154044 0.038032 0.029221
3 0.483245 0.105675 0.025931 0.022327
3 0.555851 0.108651 0.032846 0.025779
3 0.595612 0.095231 0.025931 0.024033
3 0.661303 0.115228 0.025931 0.025739
3 0.672540 0.064964 0.020745 0.022298
3 0.713165 0.083111 0.025931 0.024033
3 0.759840 0.018549 0.029388 0.024053
3 0.765027 0.090233 0.025931 0.024033
3 0.835904 0.018133 0.024202 0.022317
3 0.834176 0.087217 0.027660 0.027455
3 0.876529 0.049075 0.025931 0.025739
3 0.949136 0.006019 0.027660 0.012038
3 0.993584 0.037862 0.012832 0.027485
3 0.916290 0.071482 0.029388 0.029171
0 0.987533 0.008320 0.024934 0.016641
0 0.909375 0.020860 0.046675 0.041720
0 0.870479 0.015194 0.039761 0.030388
0 0.832447 0.000578 0.036303 0.001157
0 0.827261 0.040262 0.044947 0.046321
0 0.756383 0.049238 0.043218 0.046311
0 0.708843 0.042994 0.043218 0.044605
0 0.661303 0.024808 0.039761 0.041173
0 0.649202 0.069095 0.046675 0.048037
0 0.589561 0.049986 0.046675 0.042919
0 0.547207 0.059979 0.053590 0.053195
0 0.476330 0.058719 0.051862 0.054891
0 0.427926 0.093415 0.063963 0.061785
1 0.280120 0.710236 0.101995 0.556168
1 0.105053 0.778478 0.210106 0.296850