0 0.963484 0.531254 0.022093 0.037755
0 0.073438 0.514063 0.146875 0.150000
0 0.412500 0.486719 0.137500 0.095313
0 0.364062 0.460156 0.050000 0.042188
2 0.212500 0.473437 0.100000 0.068750
3 0.390619 0.535030 0.029933 0.042533
3 0.455469 0.618750 0.051563 0.121875
3 0.210641 0.587121 0.042533 0.059866
4 0.132812 0.857031 0.265625 0.285938
4 0.215423 0.705026 0.033476 0.114444
4 0.316406 0.781250 0.164062 0.437500
4 0.345311 0.669142 0.062056 0.192897
4 0.419531 0.734375 0.123438 0.368750
4 0.459375 0.842969 0.043750 0.314062
0 0.331250 0.471094 0.053125 0.064063
3 0.337476 0.538773 0.036165 0.039481
0 0.265651 0.531016 0.020549 0.040861
0 0.157031 0.719531 0.314062 0.560938