0 0.445312 0.887500 0.081250 0.101562
0 0.118750 0.849219 0.146875 0.203125
0 0.313281 0.843750 0.084375 0.093750
2 0.203906 0.836719 0.062500 0.079688
3 0.451563 0.804688 0.042187 0.040625
3 0.315625 0.757813 0.045313 0.048437
3 0.194531 0.728125 0.046875 0.057813
3 0.127344 0.728125 0.059375 0.062500
4 0.097656 0.642969 0.195312 0.264062
4 0.195312 0.610156 0.081250 0.198438
4 0.321094 0.630469 0.132812 0.239062
4 0.451563 0.667969 0.096875 0.251562
3 0.903125 0.125781 0.009375 0.010937
0 0.902344 0.144531 0.020313 0.032812
4 0.765625 0.140625 0.029687 0.056250
0 0.759375 0.180469 0.015625 0.021875