0 0.869543 0.878625 0.048982 0.054454
3 0.901665 0.867283 0.023715 0.028816
4 0.953684 0.898162 0.092633 0.095588
0 0.538406 0.213113 0.182126 0.216667
0 0.614553 0.612990 0.211957 0.111520
0 0.804663 0.317090 0.156348 0.160231
0 0.802174 0.604228 0.226087 0.129044
0 0.945833 0.628125 0.108333 0.081250
0 0.701693 0.294596 0.137553 0.168086
4 0.619206 0.284728 0.130963 0.113882
4 0.679681 0.426165 0.241350 0.198967
2 0.532730 0.400745 0.108973 0.112159
3 0.581877 0.483300 0.048927 0.044895
4 0.474034 0.622549 0.053382 0.092402
4 0.856233 0.411580 0.127969 0.139354
4 0.969384 0.425797 0.061232 0.164093