4 0.864844 0.622656 0.226562 0.245312
4 0.528125 0.640625 0.156250 0.281250
0 0.428125 0.550781 0.043750 0.048437
0 0.358956 0.564179 0.018905 0.026672
0 0.337921 0.553900 0.036165 0.039272
0 0.328664 0.533533 0.020403 0.015743
0 0.304688 0.511719 0.025000 0.023438
0 0.267772 0.525366 0.045585 0.047139
0 0.238789 0.538479 0.017315 0.021975
0 0.176562 0.514844 0.034375 0.029688
0 0.115625 0.503125 0.015625 0.006250
0 0.104688 0.508594 0.037500 0.017187
3 0.108306 0.540063 0.015734 0.018841
3 0.169989 0.546672 0.015707 0.014153
3 0.241764 0.564278 0.011019 0.014126
3 0.268294 0.569901 0.020422 0.018868
3 0.304391 0.542767 0.015707 0.014153
3 0.351080 0.575071 0.006305 0.009411
3 0.340042 0.592194 0.014144 0.014144
3 0.429809 0.605998 0.018895 0.025109