4 0.135156 0.217187 0.270313 0.365625
0 0.289062 0.442187 0.037500 0.084375
0 0.328005 0.489063 0.058158 0.059375
0 0.491364 0.475781 0.084857 0.082813
0 0.560745 0.501562 0.061328 0.067188
0 0.716750 0.543750 0.059784 0.070312
0 0.798631 0.569531 0.051890 0.056250
0 0.883646 0.593750 0.051890 0.056250
0 0.946219 0.581250 0.070785 0.081250
3 0.333923 0.546094 0.020467 0.026562
3 0.508955 0.540625 0.017360 0.029688
3 0.552628 0.553906 0.032994 0.031250
3 0.709459 0.588281 0.029860 0.029688
3 0.789760 0.617188 0.031414 0.028125
3 0.890496 0.625000 0.020458 0.025000
3 0.922572 0.617188 0.033031 0.037500
4 0.850860 0.723437 0.061947 0.173437
4 0.911539 0.767969 0.129525 0.240625
4 0.778250 0.715625 0.107214 0.165625
4 0.686049 0.717969 0.116807 0.203125
4 0.534645 0.690625 0.127890 0.228125
4 0.437793 0.686719 0.139063 0.268750
4 0.316406 0.664062 0.092188 0.196875