0 0.961631 0.935332 0.022111 0.020567
0 0.897514 0.940765 0.011119 0.015752
0 0.914528 0.955409 0.025345 0.029978
0 0.910177 0.926557 0.044186 0.038009
0 0.820206 0.938540 0.023728 0.025273
0 0.767962 0.930555 0.045803 0.042715
0 0.721978 0.921717 0.015843 0.018932
0 0.708715 0.920309 0.017406 0.018950
0 0.675811 0.928503 0.031595 0.030051
0 0.632542 0.954784 0.023710 0.023710
0 0.590625 0.980469 0.037500 0.039062
0 0.603219 0.923880 0.066461 0.072639
0 0.540237 0.898835 0.020585 0.023674
0 0.518244 0.909246 0.012609 0.009520
0 0.501820 0.910999 0.025291 0.025291
0 0.458633 0.930249 0.030015 0.028470
0 0.397886 0.914552 0.023728 0.025273
0 0.353464 0.905695 0.020585 0.023674
0 0.308594 0.911719 0.017187 0.029687
3 0.961931 0.909551 0.012645 0.012645
3 0.905136 0.889902 0.020531 0.018986
3 0.821315 0.910406 0.014226 0.014226
3 0.780190 0.886669 0.008049 0.020403
3 0.722214 0.901404 0.007940 0.011028
3 0.708951 0.899996 0.011047 0.009502
3 0.678510 0.898007 0.017369 0.015825
0 0.688584 0.904920 0.006450 0.017260
3 0.634405 0.928985 0.014208 0.012664
3 0.628819 0.872026 0.006577 0.028198
3 0.542045 0.877723 0.009502 0.011047
3 0.502138 0.883655 0.014208 0.012664
3 0.460550 0.899762 0.018914 0.014281
1 0.395043 0.890369 0.008049 0.020403
3 0.353764 0.879914 0.015789 0.014244
3 0.306250 0.879687 0.012500 0.018750
4 0.127344 0.426562 0.254687 0.087500