1 0.581810 0.177057 0.023874 0.037773
1 0.048581 0.017659 0.025291 0.025291
1 0.077344 0.003906 0.026563 0.007812
1 0.298438 0.011719 0.028125 0.023438
1 0.164451 0.062398 0.025291 0.025291
1 0.267375 0.145564 0.034775 0.034775
1 0.486326 0.058653 0.037882 0.033249
2 0.160972 0.025725 0.061501 0.049147
2 0.270437 0.083818 0.086719 0.068187
2 0.495313 0.015625 0.075000 0.031250
4 0.489414 0.128920 0.089045 0.133831
4 0.322127 0.072281 0.076309 0.113373
4 0.214731 0.239133 0.108450 0.190299
4 0.200781 0.037500 0.057813 0.075000
4 0.134799 0.126797 0.070368 0.139862
4 0.165625 0.006250 0.034375 0.012500
4 0.071591 0.054105 0.063518 0.088227
4 0.025781 0.069531 0.051562 0.095313
0 0.599534 0.130763 0.045949 0.055215
4 0.844531 0.632812 0.310938 0.171875
2 0.846875 0.136719 0.306250 0.229688
3 0.844531 0.486719 0.310938 0.351563