0 0.586719 0.817418 0.025000 0.036228
0 0.675000 0.643445 0.023438 0.033085
0 0.738281 0.644182 0.021875 0.033067
1 0.397656 0.206250 0.223438 0.187500
4 0.309375 0.150000 0.400000 0.300000
0 0.643750 0.030708 0.081250 0.060320
0 0.885938 0.079620 0.093750 0.066716
0 0.532031 0.017689 0.035938 0.025418
0 0.596094 0.021560 0.043750 0.027072
0 0.575000 0.033814 0.028125 0.019077
1 0.530469 0.004687 0.017187 0.009375
3 0.596094 0.004687 0.014063 0.009375
3 0.667969 0.003906 0.039062 0.007812
3 0.896094 0.040675 0.040625 0.027035
4 0.576563 0.005469 0.025000 0.010937