4 0.059375 0.885937 0.118750 0.228125
4 0.692527 0.235335 0.036165 0.039481
3 0.692673 0.260335 0.014144 0.014226
2 0.692759 0.275179 0.017269 0.014262
0 0.079450 0.241055 0.034584 0.036337
0 0.154423 0.237240 0.044023 0.047384
0 0.187317 0.251684 0.034602 0.039462
0 0.291133 0.237268 0.033022 0.036319
0 0.309914 0.242955 0.026744 0.031559
0 0.362172 0.228721 0.048728 0.050564
0 0.429223 0.206065 0.020467 0.026799
0 0.451915 0.212579 0.036174 0.041043
0 0.463743 0.231465 0.020403 0.015861
0 0.492749 0.248989 0.025155 0.026853
0 0.524667 0.229830 0.045585 0.047402
0 0.549554 0.210590 0.018877 0.022093
3 0.543163 0.186298 0.011019 0.014190
3 0.515814 0.185199 0.020422 0.018986
3 0.486322 0.218447 0.015707 0.014244
3 0.433842 0.194401 0.006305 0.009448
3 0.442322 0.174969 0.014135 0.012664
3 0.354059 0.177067 0.018895 0.025218
3 0.283120 0.202802 0.017287 0.017388
3 0.177715 0.212513 0.015698 0.012682
3 0.144789 0.192600 0.017297 0.018950
3 0.077715 0.211349 0.015707 0.014244