0 0.124958 0.738281 0.108903 0.187500
0 0.038016 0.565625 0.069459 0.121875
2 0.330582 0.899219 0.068206 0.175000
2 0.257279 0.519531 0.055742 0.181250
3 0.107597 0.574219 0.037991 0.084375
3 0.217282 0.761719 0.066316 0.118750
3 0.365877 0.520313 0.060075 0.120312
3 0.440679 0.889062 0.066298 0.115625
4 0.518750 0.844531 0.140625 0.310937
4 0.485938 0.500781 0.206250 0.354688
4 0.167822 0.585938 0.154216 0.187500
0 0.703906 0.950781 0.229687 0.098438
4 0.920313 0.749219 0.159375 0.398438
1 0.815274 0.841406 0.301164 0.200000