4 0.370313 0.374219 0.159375 0.114063
4 0.113281 0.110156 0.226562 0.220312
4 0.265904 0.122731 0.061192 0.044105
4 0.203337 0.245019 0.321140 0.144051
0 0.421875 0.314844 0.056250 0.026562
0 0.376225 0.285867 0.036174 0.040834
0 0.406530 0.257919 0.042297 0.018995
0 0.408991 0.143875 0.058258 0.076899
0 0.359545 0.104526 0.051817 0.044050
0 0.390625 0.043750 0.096875 0.087500
3 0.266263 0.050079 0.042569 0.065870
3 0.304944 0.119052 0.022030 0.026690
3 0.330889 0.147327 0.028325 0.034539
3 0.396096 0.210204 0.053489 0.062809