2 0.565700 0.825870 0.126944 0.066361
2 0.669084 0.735422 0.131732 0.083576
2 0.934036 0.618252 0.125754 0.130415
2 0.885938 0.306250 0.087500 0.012500
2 0.718750 0.321094 0.068750 0.042188
2 0.545972 0.389251 0.039190 0.022102
3 0.544573 0.417386 0.023538 0.017324
3 0.713882 0.378118 0.039263 0.034602
3 0.894210 0.352849 0.051808 0.042488
3 0.970313 0.700000 0.059375 0.050000
3 0.671265 0.841663 0.072093 0.037918
4 0.446094 0.698438 0.110937 0.143750
4 0.542969 0.934375 0.304688 0.131250
4 0.702824 0.894606 0.138673 0.202362
4 0.957031 0.768750 0.085938 0.290625
4 0.909699 0.463700 0.179152 0.177599
4 0.724679 0.488215 0.123057 0.203834
4 0.555765 0.461072 0.075391 0.067624
1 0.307813 0.754687 0.165625 0.490625
2 0.285937 0.350000 0.209375 0.100000
4 0.195312 0.928125 0.390625 0.143750