1 0.495203 0.060938 0.025300 0.051563
1 0.337468 0.047656 0.039362 0.051562
2 0.340625 0.005469 0.053125 0.010937
4 0.103906 0.141406 0.120312 0.282813
4 0.325689 0.192188 0.117016 0.239063
4 0.492969 0.242969 0.051563 0.360938
2 0.707915 0.299219 0.015752 0.021875
3 0.711708 0.318750 0.012555 0.009375
4 0.713974 0.332031 0.029915 0.039062
3 0.175867 0.772656 0.007885 0.012500
0 0.172860 0.752344 0.025191 0.032812
4 0.160809 0.809375 0.026962 0.068750
0 0.842953 0.932031 0.169286 0.092188
0 0.837839 0.736719 0.131841 0.101562
0 0.614370 0.742188 0.070531 0.037500
3 0.843135 0.766406 0.048638 0.034375
3 0.864844 0.989062 0.032812 0.021875
4 0.592095 0.810938 0.072339 0.079687
4 0.745792 0.846875 0.224674 0.212500