3 0.120312 0.006250 0.025000 0.012500
3 0.080096 0.045923 0.018877 0.021984
3 0.092972 0.115531 0.022039 0.028252
3 0.086486 0.156120 0.018877 0.021984
3 0.114270 0.214877 0.022002 0.022002
3 0.067286 0.233354 0.020422 0.018868
3 0.090519 0.268647 0.020440 0.021993
3 0.035513 0.323016 0.020458 0.025118
3 0.105081 0.317171 0.020440 0.021993
3 0.044466 0.395727 0.018877 0.021984
3 0.111726 0.383618 0.022020 0.025127
3 0.080984 0.430316 0.022002 0.022002
3 0.041472 0.507432 0.023574 0.023574
3 0.087302 0.553013 0.022039 0.028252
3 0.108128 0.464850 0.025145 0.025145
0 0.043538 0.555102 0.039299 0.040852
0 0.009375 0.505469 0.018750 0.032812
0 0.056561 0.465331 0.040861 0.040861
0 0.040359 0.430079 0.039262 0.034602
0 0.012500 0.396875 0.025000 0.031250
0 0.066404 0.384917 0.039281 0.037727
0 0.006250 0.321875 0.012500 0.034375
0 0.064460 0.316153 0.040843 0.037736
0 0.051443 0.270764 0.037709 0.036156
0 0.027469 0.228435 0.036137 0.034584
0 0.068985 0.209926 0.042406 0.037745
0 0.041173 0.155856 0.037727 0.039281
0 0.046106 0.113696 0.045567 0.044014
0 0.033997 0.046436 0.047130 0.044023
0 0.060156 0.010156 0.051563 0.020312
4 0.417969 0.800000 0.342188 0.400000
0 0.702968 0.415903 0.047057 0.031523
0 0.662566 0.243006 0.073765 0.056677
3 0.743556 0.422390 0.025145 0.025145