0 0.852328 0.092552 0.039853 0.038731
0 0.952322 0.102655 0.043475 0.042098
0 0.790325 0.111075 0.041664 0.040415
0 0.536153 0.063925 0.041654 0.038731
0 0.599042 0.042876 0.038063 0.040415
0 0.903917 0.136334 0.045297 0.045466
0 0.636225 0.086658 0.039874 0.042098
0 0.746980 0.090026 0.038063 0.040415
0 0.980330 0.160751 0.039340 0.040415
0 0.708127 0.067293 0.038063 0.040415
0 0.467994 0.106023 0.054593 0.092617
0 0.683171 0.107707 0.041706 0.047150
3 0.973631 0.199482 0.023522 0.018523
3 0.946256 0.140544 0.030735 0.020207
3 0.896987 0.180117 0.032557 0.023575
3 0.847173 0.132124 0.027144 0.021891
3 0.785195 0.154858 0.034357 0.023575
3 0.741809 0.127073 0.027134 0.020207
3 0.706541 0.101813 0.023543 0.021891
3 0.678947 0.152332 0.030777 0.026943
3 0.628343 0.122021 0.025365 0.025259
3 0.594781 0.081606 0.027155 0.023575
3 0.570861 0.143912 0.027155 0.023575
3 0.531019 0.106865 0.028956 0.023575
3 0.495808 0.090868 0.021722 0.018523
3 0.467256 0.132124 0.025354 0.023575
3 0.422230 0.107707 0.019806 0.021891
0 0.430332 0.063083 0.036011 0.040415
0 0.473249 0.082448 0.045265 0.040415
0 0.500959 0.050453 0.038032 0.035363
0 0.578697 0.100971 0.045276 0.042098