4 0.212272 0.049734 0.237598 0.099468
2 0.880276 0.012170 0.015491 0.019106
3 0.880888 0.032920 0.013755 0.015639
4 0.884745 0.066655 0.022616 0.048535
0 0.674739 0.632779 0.062794 0.063963
0 0.785760 0.598389 0.039350 0.027891
0 0.716760 0.621319 0.051250 0.029690
0 0.944422 0.601058 0.042744 0.027911
0 0.988916 0.559880 0.022168 0.027891
0 0.956539 0.580384 0.039310 0.024433
0 0.734817 0.600680 0.030785 0.020926
3 0.937406 0.620898 0.011998 0.010443
1 0.793190 0.616586 0.018846 0.015669
3 0.724130 0.644702 0.015452 0.015649
3 0.657768 0.682048 0.028851 0.031117
4 0.967785 0.660865 0.064430 0.093773
4 0.747870 0.646572 0.027608 0.039922
4 0.734708 0.684528 0.077319 0.083431