1 0.289062 0.786719 0.143750 0.248437
4 0.200000 0.639844 0.321875 0.257812
0 0.760156 0.479688 0.082812 0.062500
0 0.901562 0.458594 0.087500 0.098438
2 0.630469 0.484375 0.085938 0.053125
2 0.992969 0.455469 0.014062 0.082813
3 0.436719 0.490625 0.073437 0.040625
3 0.611719 0.393750 0.042188 0.068750
3 0.756250 0.411719 0.045313 0.042187
3 0.901562 0.367188 0.046875 0.050000
4 0.903125 0.217188 0.131250 0.281250
4 0.736719 0.266406 0.142188 0.265625
4 0.546094 0.213281 0.142187 0.346875
4 0.419531 0.244531 0.117188 0.489063
0 0.313281 0.132812 0.081250 0.145313
3 0.278906 0.085938 0.026562 0.059375