1 0.060156 0.075781 0.120312 0.151562
3 0.988281 0.053906 0.023438 0.020312
1 0.811082 0.081342 0.070703 0.067597
1 0.581994 0.113924 0.072148 0.047293
3 0.950620 0.535984 0.070640 0.056659
1 0.982813 0.407031 0.034375 0.067187
1 0.818499 0.283636 0.072293 0.072293
1 0.574172 0.249902 0.078507 0.066080
1 0.524812 0.408778 0.069150 0.069150
1 0.765537 0.524561 0.062936 0.075364
2 0.428125 0.130469 0.018750 0.064063
2 0.466406 0.604688 0.095313 0.050000
2 0.583198 0.041263 0.094214 0.080233
2 0.820017 0.022699 0.068877 0.022275
2 0.834647 0.193701 0.080106 0.072339
2 0.992969 0.330469 0.014063 0.064062
2 0.948438 0.446875 0.103125 0.093750
2 0.756762 0.421491 0.102026 0.080278
2 0.545634 0.321160 0.083231 0.072357
2 0.576253 0.160831 0.098928 0.084948
4 0.971875 0.232031 0.056250 0.273438
4 0.937500 0.160937 0.125000 0.234375
4 0.777438 0.224502 0.189100 0.276091
4 0.515215 0.178373 0.072729 0.147293
4 0.734375 0.053906 0.096875 0.107813
4 0.566406 0.055469 0.154688 0.110937
4 0.454688 0.062500 0.071875 0.125000
4 0.438281 0.300781 0.039062 0.129687
4 0.685156 0.584375 0.182812 0.090625
4 0.905469 0.581250 0.189062 0.096875
3 0.208594 0.642969 0.042188 0.026562
4 0.093750 0.703906 0.187500 0.148438