1 0.756250 0.297656 0.250000 0.264063
1 0.957812 0.260156 0.084375 0.498437
0 0.011719 0.152344 0.023438 0.076562
1 0.229730 0.252344 0.022084 0.035937
1 0.517870 0.093750 0.026699 0.023438
1 0.544433 0.228125 0.034566 0.032813
1 0.330620 0.136719 0.036119 0.031250
2 0.620313 0.039844 0.021875 0.026563
2 0.512106 0.042969 0.051790 0.039062
2 0.544074 0.166406 0.084757 0.065625
2 0.322475 0.079687 0.073765 0.056250
4 0.323993 0.206250 0.083576 0.131250
4 0.340625 0.011719 0.025000 0.023438
4 0.445312 0.016406 0.028125 0.032812
4 0.494001 0.153906 0.072520 0.110938
4 0.586719 0.321875 0.089063 0.184375
4 0.610156 0.115625 0.042188 0.084375
0 0.214613 0.205469 0.044059 0.053125