0 0.195801 0.289844 0.007858 0.007812
0 0.340558 0.653906 0.009439 0.010938
0 0.265237 0.440625 0.007858 0.007812
4 0.286312 0.443750 0.029769 0.014063
0 0.322404 0.417188 0.015707 0.014063
0 0.318580 0.403125 0.011001 0.010937
0 0.348217 0.411719 0.015698 0.012500
0 0.364165 0.490625 0.015698 0.012500
0 0.367430 0.466406 0.014135 0.012500
0 0.354299 0.440625 0.011001 0.010937
0 0.355957 0.424219 0.014135 0.012500
0 0.262175 0.429688 0.011001 0.010937
0 0.265482 0.398438 0.011010 0.012500
0 0.257715 0.390625 0.011001 0.010937
0 0.306362 0.354688 0.011001 0.010937
0 0.313220 0.384375 0.014135 0.012500
0 0.346133 0.367188 0.015698 0.012500
0 0.352455 0.354688 0.014135 0.012500
0 0.324590 0.310156 0.014144 0.014063
0 0.365455 0.268750 0.017242 0.009375
0 0.779911 0.111719 0.011019 0.014063
0 0.775823 0.142969 0.012582 0.014063