2 0.949219 0.496094 0.101562 0.082813
2 0.696417 0.383555 0.124928 0.128843
2 0.740170 0.047849 0.088118 0.053634
2 0.908547 0.080862 0.069259 0.044150
3 0.914124 0.138711 0.037900 0.034593
3 0.733120 0.116563 0.053598 0.040934
3 0.654810 0.467693 0.069314 0.048837
3 0.961841 0.603864 0.072293 0.036356
4 0.932031 0.653906 0.135938 0.192188
4 0.633594 0.537500 0.167188 0.287500
4 0.718530 0.228985 0.177036 0.176018
4 0.905030 0.248822 0.121114 0.203816
1 0.367969 0.939844 0.107813 0.120312
4 0.400000 0.875000 0.228125 0.250000