1 0.667969 0.140625 0.435938 0.281250
4 0.725000 0.282813 0.550000 0.171875
4 0.335937 0.839844 0.228125 0.320312
4 0.108594 0.842188 0.217187 0.315625
1 0.167529 0.602370 0.174911 0.261937
1 0.410937 0.579687 0.078125 0.218750
2 0.686488 0.570697 0.006305 0.004724
2 0.711579 0.562739 0.003180 0.004706
2 0.720763 0.579091 0.003180 0.004706
2 0.725369 0.586095 0.003180 0.004706
2 0.759299 0.556993 0.006323 0.006286
4 0.758318 0.574185 0.009611 0.020367
4 0.709889 0.573686 0.006414 0.014099
4 0.681673 0.581662 0.007940 0.010983
4 0.710543 0.584619 0.007940 0.010983