1 0.129598 0.706077 0.259197 0.556630
4 0.360233 0.713881 0.471503 0.572238
2 0.407463 0.354144 0.005091 0.007182
2 0.391608 0.328108 0.005071 0.003591
2 0.406846 0.312845 0.005071 0.003591
2 0.412779 0.305663 0.005071 0.003591
2 0.373363 0.276934 0.006775 0.007182
4 0.391064 0.273343 0.021960 0.012569
4 0.403400 0.327210 0.015195 0.007182
4 0.419241 0.355939 0.011837 0.008978
4 0.415212 0.322721 0.011837 0.008978
1 0.675972 0.616298 0.159974 0.244199
4 0.870402 0.662086 0.259197 0.468646
1 0.832513 0.235635 0.334974 0.384254
4 0.933549 0.213881 0.132902 0.427762