0 0.320312 0.416406 0.021875 0.010937
0 0.310156 0.474219 0.017187 0.012500
0 0.296875 0.456250 0.031250 0.028125
0 0.325000 0.464063 0.042188 0.046875
0 0.304688 0.552344 0.026563 0.025000
0 0.307813 0.606250 0.043750 0.050000
0 0.312500 0.653906 0.020312 0.017187
0 0.311719 0.667188 0.020312 0.018750
0 0.302344 0.698438 0.032812 0.034375
0 0.271094 0.739844 0.025000 0.026563
0 0.241406 0.778125 0.045312 0.042188
0 0.298438 0.772656 0.076563 0.071875
0 0.318750 0.839844 0.025000 0.021875
0 0.306250 0.860938 0.010938 0.012500
0 0.302344 0.876562 0.026563 0.026562
0 0.278906 0.917187 0.029688 0.031250
0 0.288281 0.981250 0.026563 0.025000
3 0.347656 0.416406 0.014063 0.010937
3 0.361719 0.472656 0.020312 0.020313
3 0.333594 0.555469 0.015625 0.014063
3 0.353125 0.598437 0.020312 0.009375
3 0.333594 0.655469 0.010938 0.007812
3 0.332812 0.669531 0.010938 0.010938
3 0.332812 0.700781 0.015625 0.018750
0 0.325781 0.689063 0.017187 0.006250
3 0.296875 0.740625 0.014063 0.014063
3 0.353906 0.753125 0.028125 0.009375
3 0.339844 0.840625 0.010938 0.009375
3 0.330469 0.878906 0.014063 0.014062
3 0.310156 0.919531 0.015625 0.020313
1 0.312500 0.986719 0.021875 0.009375