0 0.960411 0.493644 0.079177 0.062429
0 0.969327 0.296257 0.061347 0.031215
0 0.851933 0.342723 0.042145 0.024426
0 0.766022 0.736365 0.043766 0.031792
0 0.965399 0.877623 0.027556 0.020561
0 0.733604 0.559667 0.035661 0.024340
4 0.699564 0.544529 0.056733 0.024618
4 0.706858 0.739257 0.084289 0.054360
4 0.880299 0.897617 0.102120 0.041742
4 0.806546 0.466984 0.192893 0.096187
4 0.795200 0.330041 0.045387 0.018960
3 0.929738 0.875317 0.019451 0.013109
3 0.725499 0.736749 0.017830 0.014924
3 0.906234 0.485741 0.030798 0.027948
3 0.896509 0.289831 0.042145 0.018362