1 0.335616 0.436732 0.547111 0.204423
2 0.245320 0.256705 0.481253 0.190722
1 0.816583 0.441523 0.045729 0.060688
1 0.862097 0.207970 0.072287 0.072685
1 0.963553 0.221165 0.072895 0.083994
2 0.967937 0.128638 0.064126 0.066445
2 0.874042 0.121859 0.085295 0.063251
2 0.829648 0.346499 0.071859 0.097420
4 0.885992 0.056265 0.151884 0.112531
4 0.996482 0.254668 0.007035 0.153317
4 0.998932 0.433538 0.002136 0.210811
4 0.914008 0.395209 0.171985 0.287469
4 0.831281 0.285811 0.075126 0.129361
2 0.472802 0.659521 0.387060 0.241155