0 0.278846 0.765810 0.096667 0.116967
0 0.964017 0.275615 0.071966 0.080692
2 0.718713 0.056522 0.130436 0.075951
2 0.623979 0.154822 0.137200 0.092699
2 0.382179 0.294602 0.110000 0.140360
2 0.442960 0.618716 0.092025 0.062360
2 0.604908 0.569315 0.071948 0.048876
2 0.770378 0.487312 0.040145 0.025298
3 0.968596 0.218812 0.041870 0.035333
3 0.770538 0.459741 0.023440 0.018517
3 0.605238 0.512503 0.041880 0.037004
3 0.430010 0.552791 0.055262 0.045437
3 0.343013 0.216902 0.031667 0.055141
3 0.612919 0.050456 0.073576 0.042201
4 0.865549 0.170122 0.159216 0.152980
4 0.577180 0.053727 0.153333 0.107455
4 0.358846 0.155913 0.063333 0.310797
4 0.413846 0.444152 0.173333 0.192159
4 0.587535 0.403998 0.137888 0.211337
4 0.754962 0.415553 0.080427 0.073988