2 0.880469 0.282031 0.239062 0.373438
4 0.862500 0.586719 0.275000 0.204687
1 0.905189 0.568035 0.172711 0.144750
2 0.257706 0.415822 0.012618 0.020385
3 0.263066 0.434604 0.010983 0.007876
4 0.266899 0.447127 0.025209 0.036083
0 0.726492 0.888552 0.040861 0.040861
0 0.766386 0.880190 0.028325 0.034539
0 0.803273 0.851497 0.040870 0.042424
0 0.907806 0.878669 0.025182 0.031395
0 0.926765 0.842840 0.028316 0.032976
0 0.974008 0.914211 0.031395 0.025182
3 0.815568 0.886726 0.012573 0.012573
3 0.761517 0.911413 0.017297 0.018850
3 0.733283 0.929999 0.018859 0.018859