3 0.436847 0.718750 0.062882 0.065625
0 0.444627 0.858594 0.119495 0.128125
0 0.897276 0.860938 0.029951 0.045312
0 0.871390 0.878906 0.047202 0.056250
0 0.729602 0.944531 0.092751 0.096875
0 0.613341 0.919531 0.087991 0.084375
0 0.664613 0.835156 0.028307 0.031250
0 0.573130 0.848438 0.034584 0.035937
0 0.534375 0.838281 0.009375 0.039062
3 0.532031 0.809375 0.004688 0.018750
3 0.873203 0.835938 0.023583 0.025000
3 0.897458 0.829688 0.014144 0.014062
3 0.733977 0.864063 0.047139 0.045312
3 0.616167 0.836719 0.040889 0.045312