0 0.956978 0.565231 0.086043 0.165424
0 0.947290 0.059126 0.105420 0.118252
0 0.803862 0.454630 0.232520 0.196784
0 0.665583 0.068316 0.172629 0.136632
0 0.644444 0.409833 0.137398 0.228920
2 0.697290 0.594473 0.151490 0.106941
3 0.663821 0.538241 0.051084 0.033701
0 0.788008 0.071658 0.149729 0.143316
4 0.884011 0.062399 0.146206 0.116102
4 0.782724 0.198858 0.267751 0.200321
2 0.948611 0.204829 0.102778 0.115947
3 0.881369 0.282115 0.054607 0.045417
4 0.970190 0.467481 0.059621 0.090231
4 0.803862 0.591967 0.220190 0.111954
4 0.614499 0.143316 0.077507 0.143702