1 0.743750 0.813281 0.287500 0.373438
2 0.926563 0.800781 0.146875 0.398438
2 0.799219 0.039844 0.114062 0.079687
2 0.947160 0.142788 0.039499 0.037727
2 0.839039 0.169978 0.102853 0.111528
2 0.986719 0.217188 0.026563 0.034375
2 0.946094 0.395312 0.064062 0.009375
1 0.939901 0.229543 0.042569 0.033058
1 0.904808 0.291462 0.184322 0.130751
1 0.904137 0.147725 0.029997 0.026735
1 0.748114 0.196286 0.094623 0.075545
1 0.672656 0.032031 0.129687 0.064062
4 0.664844 0.217188 0.129687 0.234375
4 0.754688 0.299219 0.309375 0.201563
4 0.864919 0.228417 0.077126 0.048883
1 0.303906 0.770312 0.314062 0.459375
2 0.514063 0.783594 0.171875 0.432813
4 0.150781 0.729688 0.301563 0.540625
1 0.125781 0.307813 0.251562 0.184375
1 0.116406 0.127344 0.232813 0.254688