4 0.001364 0.061649 0.002727 0.123297
4 0.036818 0.048365 0.073636 0.096730
4 0.103182 0.043052 0.072597 0.086104
4 0.169026 0.017371 0.099610 0.034741
4 0.286364 0.045708 0.128312 0.091417
1 0.396948 0.273842 0.018571 0.049591
0 0.410455 0.214510 0.050649 0.076158
3 0.521039 0.142779 0.075974 0.166485
0 0.514286 0.830858 0.079351 0.038965
0 0.571688 0.807834 0.052338 0.031880
3 0.577597 0.832629 0.037143 0.014169
3 0.536234 0.856540 0.025325 0.015940
0 0.506688 0.662602 0.008442 0.005313
0 0.512597 0.691826 0.010130 0.005313