3 0.302352 0.019089 0.033022 0.036128
1 0.599481 0.099867 0.042433 0.042433
1 0.766406 0.028125 0.048437 0.056250
1 0.883266 0.065405 0.052008 0.076862
1 0.949999 0.143139 0.023565 0.022011
1 0.920439 0.121437 0.020394 0.014181
2 0.925294 0.092503 0.026699 0.023592
2 0.958884 0.093089 0.034575 0.034575
4 0.940297 0.199443 0.071122 0.139472
4 0.576563 0.173438 0.075000 0.143750
4 0.723950 0.190546 0.125010 0.271031
4 0.835459 0.225834 0.146840 0.263345
4 0.971094 0.287500 0.057812 0.303125
4 0.533594 0.687500 0.010937 0.018750
3 0.583443 0.738888 0.025282 0.048583
0 0.588603 0.657611 0.072393 0.089481