3 0.30859375 0.521875 0.5546875 0.25625
2 0.29296875 0.13515625 0.5859375 0.2703125
3 0.31796875 0.52421875 0.5421875 0.2515625
0 0.29453125 0.325 0.5890625 0.65
3 0.29453125 0.825 0.5890625 0.35
0 0.2594830425472612 0.6909774404807166 0.022065897540671918 0.03293976502711473
2 0.625 0.684375 0.071875 0.06875
2 0.6703125 0.66484375 0.059375 0.0296875
2 0.71328125 0.68046875 0.0734375 0.0609375
2 0.8140625 0.675 0.084375 0.05
2 0.8953125 0.66484375 0.078125 0.0296875
0 0.98125 0.7671875 0.0375 0.234375
0 0.94609375 0.7484375 0.0734375 0.196875
0 0.8984375 0.76171875 0.096875 0.2234375
0 0.8546875 0.74453125 0.0625 0.1890625
0 0.8078125 0.76875 0.096875 0.2375
0 0.7625 0.75078125 0.059375 0.2015625
0 0.71796875 0.77109375 0.0890625 0.2421875
0 0.66953125 0.75625 0.0640625 0.2125
0 0.63671875 0.7453125 0.0515625 0.190625
0 0.62578125 0.771875 0.0734375 0.24375
0 0.609375 0.759375 0.040625 0.21875