3 0.253125 0.1265625 0.2078125 0.2296875
3 0.08515625 0.3625 0.1703125 0.375
3 0.43671875 0.0125 0.1109375 0.025
3 0.38359375 0.05234375 0.1671875 0.1046875
3 0.80078125 0.26171875 0.3984375 0.5234375
0 0.2640625 0.61875 0.15625 0.1375
2 0.46640625 0.775 0.2453125 0.45
2 0.3140625 0.91484375 0.3 0.1703125
2 0.075 0.759375 0.15 0.41875
3 0.28046875 0.790625 0.0828125 0.0875
0 0.52421875 0.775 0.1296875 0.45
0 0.428125 0.775 0.321875 0.45
0 0.26015625 0.775 0.3703125 0.45
0 0.0984375 0.775 0.196875 0.45
3 0.71171875 0.69765625 0.2453125 0.2953125
3 0.81328125 0.775 0.3734375 0.45
