3 0.77421875 0.3125 0.2546875 0.19375
3 0.475 0.628125 0.06875 0.246875
3 0.16640625 0.868163485399406 0.209375 0.21649879869508953
3 0.59296875 0.6765625 0.1671875 0.18125
3 0.8375 0.76875 0.325 0.396875
2 0.5625 0.73706638470718 0.009375 0.012609088001272539
0 0.56328125 0.7339504753739527 0.0125 0.018895450668363623
3 0.55859375 0.7534271813733163 0.0890625 0.10416133601209046
2 0.82578125 0.8260674394095874 0.0078125 0.009465906667726998
0 0.82890625 0.8362600520766783 0.01875 0.03459317600254543
