3 0.203125 0.2140625 0.40625 0.409375
3 0.63828125 0.2359375 0.1171875 0.284375
2 0.78984375 0.3578125 0.4203125 0.121875
0 0.78984375 0.209375 0.4203125 0.41875
1 0.23125 0.70546875 0.4625 0.3046875
2 0.246875 0.46796875 0.49375 0.0984375
3 0.28984375 0.92421875 0.5796875 0.1515625
0 0.28984375 0.709375 0.5796875 0.58125
4 0.7328125 0.6450190041052166 0.034375 0.03144998789975162
4 0.66171875 0.6196513654433392 0.03125 0.026744307181592396
4 0.69140625 0.6327598986208265 0.0296875 0.025172716822512698
