3 0.4703125 0.16796875 0.3375 0.3359375
0 0.96953125 0.153125 0.0609375 0.11875
3 0.95546875 0.19765625 0.034375 0.071875
0 0.9015625 0.20234375 0.0390625 0.0578125
2 0.9296875 0.30390625 0.090625 0.1296875
2 0.95390625 0.29921875 0.0921875 0.1390625
0 0.93203125 0.184375 0.1359375 0.36875
0 0.925 0.2328125 0.15 0.271875
3 0.13046875 0.915625 0.2453125 0.16875
1 0.36171875 0.75546875 0.5546875 0.4890625
2 0.325 0.475 0.628125 0.2125
2 0.04609375 0.61015625 0.0921875 0.2765625
0 0.19765625 0.71328125 0.3953125 0.5734375
0 0.321875 0.684375 0.634375 0.63125
0 0.81953125 0.684375 0.3609375 0.63125
3 0.81953125 0.89765625 0.3609375 0.2046875
1 0.853125 0.75 0.29375 0.29375
2 0.81953125 0.46015625 0.3609375 0.1828125