3 0.46484375 0.12734375 0.3171875 0.2546875
3 0.7390625 0.28203125 0.059375 0.0734375
4 0.8546875 0.16328125 0.290625 0.3109375
2 0.4987299541330891 0.7080411788714475 0.02040340359079611 0.015743174668035032
0 0.49711745715815125 0.6994565192305272 0.02520907825883114 0.03608294574527378
3 0.44415608362158443 0.7278905914392342 0.3403998245463981 0.5004010175611974
3 0.7735390565924172 0.43526831684595385 0.1071590359079619 0.1568681444174139
3 0.81171875 0.7359375 0.2046875 0.528125
0 0.83359375 0.659375 0.2484375 0.68125
0 0.94375 0.659375 0.1125 0.68125
