3 0.159375 0.21953125 0.31875 0.4390625
4 0.7404770925985747 0.1564825259389119 0.08046927088084707 0.13530224801081764
4 0.899752098648699 0.1374405299172766 0.08797269867214012 0.08226815467854501
2 0.81953125 0.11328125 0.0953125 0.2265625
2 0.617411776439992 0.08759726062222928 0.06029312626704133 0.15850339067472702
0 0.809375 0.21953125 0.128125 0.4390625
0 0.62421875 0.21953125 0.0796875 0.4390625
3 0.159375 0.928125 0.31875 0.14375
0 0.159375 0.71953125 0.31875 0.5609375
3 0.9078125 0.4890625 0.18125 0.1
