0 0.396875 0.04765625 0.175 0.0953125
2 0.0703125 0.2796875 0.140625 0.240625
2 0.19140625 0.2 0.3703125 0.4
2 0.4390625 0.31015625 0.3 0.1796875
3 0.43389127019347606 0.1911117314210415 0.09117042154477702 0.09480451734563573
0 0.14375 0.2 0.2875 0.4
0 0.22890625 0.2 0.4578125 0.4
0 0.41875 0.2 0.340625 0.4
0 0.5140625 0.2 0.15 0.4
2 0.89453125 0.29453125 0.2109375 0.2109375
0 0.9130959394005622 0.22861282610594963 0.11203743344863355 0.19035337468172653
0 0.87578125 0.25859375 0.2484375 0.2828125
3 0.51015625 0.53125 0.1578125 0.2625
2 0.23671875 0.58359375 0.2796875 0.3671875
3 0.04375 0.621875 0.0875 0.44375
0 0.12578125 0.7 0.2515625 0.6
0 0.27421875 0.7 0.4734375 0.6
0 0.45625 0.7 0.265625 0.6
3 0.79453125 0.7 0.4109375 0.6