0 0.744516685908686 0.3688155732888615 0.020657945337363516 0.02980567466803503
2 0.7476144139083678 0.37114114257070224 0.011173857336090798 0.020376132513557365
3 0.7286553285725953 0.3892189768796577 0.19422490404199805 0.31048402380771345
4 0.88515625 0.0203125 0.1296875 0.040625
4 0.7875 0.01953125 0.1 0.0390625
4 0.70546875 0.01640625 0.0921875 0.0328125
3 0.6953125 0.17421875 0.2125 0.3484375
2 0.51171875 0.6015625 0.0203125 0.025
0 0.49453125 0.64375 0.0703125 0.109375
3 0.325 0.78515625 0.528125 0.3921875
0 0.7729518632638668 0.670442747564113 0.014535214672181596 0.040706813231716585
3 0.85 0.678125 0.13125 0.178125
3 0.79453125 0.79453125 0.4109375 0.4109375
